1228800
2187264
622594
2170882
2195459
2113545
40974
2080794
16415
2170914
2080803
2195490
2191831
491565
2187313
2203697
2187316
2203700
2187318
2203703
2203704
2198113
2187322
2187323
2187324
2195517
2203705
2187327
1228864
2187328
2187329
622659
2187330
2187331
2187332
2187333
2191832
1228873
2187337
2126706
2187340
2203716
2203721
2203728
2199746
1212501
499799
2168811
2056281
2170970
2203736
2146396
2179164
2170974
319583
2203737
2189981
622698
2170986
1212524
2195564
2121838
2195571
2189984
450680
2189985
2189986
2121858
516227
2130050
2189987
2130060
2211982
2195599
557201
491666
2080916
2203796
2203797
622744
352410
2179226
2203803
2203805
2203806
2212000
303266
573603
2056356
16550
573608
1515689
1155242
606379
2171049
2203833
2080955
2195644
2121919
2187455
2121922
417990
327881
1712329
2195660
2130125
2187472
2195665
2173928
2195668
2121941
2121942
2130134
2195674
2212063
442593
483557
32998
606438
155882
483566
2209749
2195705
467196
1302785
1515787
336140
2195729
2203925
2122006
2206298
606490
2195747
16676
1712420
2146599
2195752
2212135
2195754
2195755
2195756
2195757
2195758
2195759
2195760
2212141
2195762
491827
2195764
2212149
2195768
2195769
2195770
2198164
2195772
2195773
2195774
606527
2195776
2195778
2195779
2195780
2195782
2056519
2195783
2195785
2195786
2195787
2146636
2195788
2195789
2195790
2195791
2081105
2146641
2195793
2195794
287067
368988
368989
2195804
16737
2195815
2195817
2195818
311659
581995
2171245
2187627
2089329
2212209
254323
270707
2195836
524670
565631
2206320
2179468
606608
2146705
606613
2195864
2146715
2195869
541086
2171295
2171297
2089389
573872
491956
606648
2204088
2138554
2212281
565698
2195909
2204108
2163151
2187728
786899
483798
2130392
2130396
2195934
2130399
483808
2130404
2204132
492006
2212326
2171368
2190058
2212331
1049072
2172149
483828
2212341
2212342
2198202
565753
1049083
2056700
2198203
483841
2198205
2204175
2089489
1548819
2212371
2171414
2198208
2171417
2212377
451099
311839
434725
2167275
377384
2081320
2196008
2167276
2196012
2146862
2207982
2138672
2196017
533044
2089524
2167278
2204214
2114105
2089531
2196029
2196031
467520
2089536
418373
2204230
2212427
2024016
2167285
492124
2167286
41569
2167287
2187879
2212456
574059
2206366
2167289
2187888
1999473
344690
2187890
2081397
1999478
2081399
1999481
1999482
606843
1999484
590462
1999487
1671808
1999488
1049219
492164
1049220
1999492
1999495
1999498
1999499
1999500
1999501
1999503
2024083
1999510
2212502
1999512
1049241
1548953
1999513
1999515
2212503
2212504
2130595
2138787
2081448
262825
2114217
2138794
2138795
361133
2138796
2081455
2056880
2138797
2056882
2138798
2138799
2138800
2138801
2138803
2138804
2138805
2138806
2138812
2138813
2167305
2188472
1155777
2155203
2167306
2081478
2114246
148168
2114247
2114248
2114249
1671884
2114250
2081486
352975
516816
2114251
2114256
2175450
2187984
2056917
2089686
2130646
2130647
2199022
492250
1549018
352989
2114270
2212577
541411
1549028
2114276
2114278
2147047
2114280
2114282
2114285
2114289
2114292
2114296
2114298
2147067
2114300
2188030
17152
99074
2081541
2155279
2024208
623378
2167322
2196243
2204437
2204438
2167323
377625
2204442
2211285
1049374
2204453
2167326
484138
2193378
2204458
2138930
2114355
2138931
1671989
2204470
2081598
2081600
1712967
2163529
1672014
2147153
1549138
2196305
2057044
2179925
598874
2081634
2147171
17252
2024293
2114406
2138981
2193390
2188141
2089842
525172
336757
598901
2057076
2147190
2179960
2024317
2204545
2179972
2081670
2188514
2122643
2081687
2171800
2122649
2204568
2122656
590753
549794
2122657
2139046
2163625
2188201
2122671
598960
1598385
2163631
492470
582582
1672121
492475
2163644
2206433
2196414
2180035
361414
2155465
2076178
2163667
17367
467928
2196443
2206439
2163678
2206440
2139105
99300
2204644
2208069
1598439
2057191
484330
467947
2196459
2147312
1598449
17394
2076186
508916
17398
1229820
2089984
541698
1229828
558084
2180100
1229832
2196488
558090
17425
599059
2024467
1278997
1279002
533532
2090016
1229866
2114602
1549361
590898
2076199
2147382
1229880
1229881
1229882
599105
2076202
2131018
566352
500820
148565
2183668
517210
599133
2081886
312416
1672289
1672296
2196586
500843
1598572
1279085
2196587
2196699
1279090
1279091
1279092
1279093
2114682
1672317
2057341
2131073
2131075
2131079
2131083
2131084
2024594
1598612
2024596
582806
1598614
2024599
2024600
2024597
353435
2024598
2024605
2024606
2024607
2024608
2024609
2122913
2024611
2122914
2024613
2024614
2024615
2024616
2196709
2024618
2024619
2024620
2024621
2024622
2024623
2024624
2024625
2024626
2024627
2024628
2024629
2024630
2024631
2024632
2024633
2163897
2024635
2057404
2024637
1279166
1279167
443584
1279168
1279169
2024638
1279172
1279173
1279174
2024644
2024648
1279176
1279177
1279178
2024643
2024645
2024646
1279183
2024655
17617
2024656
2024657
2024658
1672405
2024660
2024663
2024664
2024661
2024666
2024667
2024668
2024669
2024670
2024671
2024672
533729
1230049
2122971
2122973
2122976
2122977
2122978
2122979
2122980
2090218
2122981
2122982
2122983
2090222
525551
2057456
2090223
2122985
2090227
2122987
2122988
2122989
2114807
2114808
2122992
2122993
443643
17660
2122996
2122997
2024703
2082048
345345
2196727
2204932
378117
2204934
2204938
2211384
2204941
2082065
2147601
2147603
2204873
533781
533790
2188577
443685
615717
1230117
2139430
1672489
2139431
2139435
2172202
2196776
2123055
2139439
337201
2139442
2180402
2139444
2196783
2196785
2123063
2139448
2139449
2196786
2196787
2139452
501053
2139454
509247
2139456
2196792
2196793
2196794
2139460
2196796
2139462
2209767
2139465
34122
2131274
2172236
2204886
501081
443738
451935
2172256
17764
17765
2123108
1672553
2131305
2131308
2209776
2196852
1295735
2131319
2090372
1598853
2172292
2057615
2196885
1672600
2191874
2123165
1230239
1279394
2057634
2180515
533925
2147749
2205095
484776
2191877
2123197
550342
476615
2196934
1230281
2196939
2180558
2211423
2180561
2196947
2196953
2196954
509421
2188783
2196977
2147829
2196985
2172410
2196991
2196992
2196993
1672709
2191896
468492
517644
493070
2188817
2191898
2147861
2147862
2147863
2147864
2147865
2188822
17947
2147867
2188824
1599006
2188826
2147872
2147873
17956
1230373
607782
1230375
2147878
2197028
26160
386610
1295926
1599031
534072
2139704
2205244
26173
2205247
321088
2090566
2188870
2197068
2196795
2139732
2057817
2025053
271967
493152
353892
2205287
1279596
2123374
2123375
2180719
304755
2025076
2057848
2090618
2115195
386688
444032
2115209
2115212
1197710
345743
796306
2016921
2082457
583326
2180767
2172579
2172580
2172581
2180772
2082481
2205367
444088
353982
2082494
2148030
1197761
345794
2090689
2057924
345797
345798
2082503
2082504
2115266
2172610
2172611
2180811
2205389
2057934
2180816
607954
2197202
2197204
2197205
2197206
2139864
2180825
1197786
2197208
2197210
2197212
2197214
157407
2180831
2197216
2197218
2190311
2197220
2205404
460518
2197222
2197223
2197225
2197227
2197228
2197229
124654
2197230
427760
2197234
493301
2197237
2205433
493307
2211837
2189055
345856
1279744
18179
2164483
2057989
2205444
2074378
2123531
2148108
2189066
2180878
2139919
2139920
2139921
2180880
2189070
2017044
2189077
534294
2148121
2172699
2205477
2017062
2205481
2115374
2115375
2180915
2197300
2197301
2017078
2164535
2180921
2180924
534334
2058047
2197312
2017096
2208243
1673041
2017108
542553
2074459
1197920
2205538
2189159
2205547
2172790
2123640
599933
599934
313219
616324
501637
427919
2208256
2115474
2197395
2156437
288664
108441
419738
1279899
2197402
1279901
452511
2181026
272293
2140070
2082731
2025392
2197435
2197436
2082750
1738687
2082751
2205632
2189251
2181060
2115532
2115533
2115534
2115535
2115536
591826
509909
18390
2115543
2151283
526302
2058207
1738720
2115551
2115552
2090979
2115556
591845
2205671
501736
2205673
1116141
2205677
2156527
2205678
2205679
2074611
2074612
2205685
2123766
2090999
2205686
2205689
1116155
485372
1279995
444412
2074620
2205691
2208278
2025474
2115586
2115591
444424
2115592
2115593
2115594
2115595
2115596
2115597
2115599
2115600
2115601
2082834
2115603
2115604
2115605
362520
2115611
2115612
559135
2148383
2205729
2197538
493604
2181159
2115625
2058282
2115627
493612
1050669
526382
2115628
2115629
2115630
2197549
2115635
2115636
2115637
2058296
542781
2058302
2123839
2058304
2058305
2058306
2058308
2058309
2058311
2058312
2123847
2058314
346187
2058315
346189
2058316
2058317
2058320
2058321
534610
2058322
2058323
2058325
2123862
2123863
1280088
2197603
2205796
493670
26727
1198186
1280106
2115690
1280113
1280114
944243
493685
944246
1296506
944255
2173056
2205826
2123907
2025606
2181258
100502
1247382
346264
362648
2123927
1738914
2123942
2123944
2123946
2197675
600236
1247405
2181294
944303
2189487
2197678
944309
2173111
2058425
2140348
2140351
944333
2197715
944347
2074843
420063
944352
944353
2091232
2017512
2173165
2181358
1050864
2074867
2140403
2140406
2197751
2083066
2124028
1280253
2164992
387332
2058503
2197768
1050889
2058505
2058506
2181385
2197769
2083087
1050899
1050901
2074902
2124056
2165021
2173214
2197792
2091297
289059
2140451
2173222
2173223
2017583
2181423
510260
2173237
2017593
2181438
2140480
543042
2140489
18762
2181449
2181453
2173264
2091346
2197845
2197847
2197848
2074969
2173274
477531
2091355
2197850
2197853
2197854
2197856
2091364
2074983
543080
2074984
420203
1198443
2074987
26990
502131
461172
567668
2173302
2181491
2181501
2173313
2140553
608650
2148746
2075021
2075023
2075025
2075026
2075027
543125
2075033
2075036
256414
2075041
1214882
2075048
18857
2091435
2091438
2132398
2181561
1198528
2132417
2091466
2148811
1198547
2091479
2173399
1214942
2124256
158178
2173411
2017769
2165233
2165234
2165235
2165236
330236
2198610
2198017
2165254
2124295
379400
2124296
2165255
2165256
2165257
2165258
2165259
2165260
2165261
2165263
2165265
2165266
1214996
2165267
2165268
2165269
600600
2083352
2165270
2165271
2165272
2165277
2083358
2165280
2165281
2165282
2165283
2165284
2165285
2165286
2165287
2165288
2165289
2165290
2165291
2165292
2165293
2165294
395823
2165295
510513
2026034
2165296
2083380
2165297
2165298
2165299
2165300
494137
2165301
2165302
2165303
2165304
2165305
2165306
2165307
617025
2165308
2165309
2017860
2165310
2165311
2165312
404040
2148936
584266
2165314
2165315
2165316
2165317
2165318
2132560
2165320
2165321
494163
404052
584277
2132563
2132564
2132567
2165328
2132570
2165330
2165331
1239645
2165333
2165334
600672
944736
2165337
2165338
2165339
2165340
2165341
2026087
2026088
2083431
2165345
1215083
2165347
2165348
2165349
2140783
2165351
2165352
2165353
2165354
2165356
2165358
264822
2165359
2165360
2017913
2165361
2140795
2165363
2165364
2165365
2026111
2124415
2165368
2165369
2165370
2140804
2165372
2140806
2165374
2124424
2140809
2165377
2140811
2140812
2165380
2140814
2140815
559760
2017937
2165385
2165386
2165387
2017941
551574
2165390
2165391
2165392
551578
551579
2017947
2116251
2165397
2165398
2165399
2165400
2140834
494243
2165403
2165404
2165405
2124455
2165407
2165408
2165409
2165410
2165411
2026157
2165413
2165414
2165415
2165416
2091698
2165418
2165419
2165420
428726
436918
281272
2083513
2083514
2165426
2165427
2165428
2165429
2165430
2165431
2165432
2165433
2165434
2165435
2026181
2165437
2165438
2165439
2165440
2165441
19147
2165443
2165444
2165445
2165446
2165447
2165448
2165449
2165450
2083540
2165452
551638
2165454
2165455
2165456
2165457
2165458
2165459
2165460
2165461
2165462
2165463
2165464
2165465
2165466
2165467
2165468
2165469
2165470
2165471
2165472
2165473
2165474
2165475
2165476
2165477
338671
2165479
2165480
2165481
2165482
559860
559861
2190066
2165501
2124542
2206465
2206466
2206467
551686
2075402
19211
2083599
355088
2190098
494356
584475
584476
2206808
584479
2124576
2206809
1215268
535333
2206503
2173736
117549
2206510
502584
2198330
2075458
2190149
2190151
2190155
2190157
2190158
2149201
2190162
2018137
617308
109406
2206558
2206559
1198945
2206563
2206564
2206567
2206568
1198953
2206570
2206574
568176
2206577
2206578
2206579
2206580
43894
510841
2091900
2083710
1198975
617347
2198413
2174363
27540
2206614
2116503
2206618
2182046
2083743
19360
2124703
2173858
2206626
2124708
2173861
2091943
2124711
568237
2165686
2173878
1518524
1518525
2116542
2149308
2174365
1215433
347082
2075594
2190282
2198476
347086
2083790
601044
2149335
2174366
961503
961504
2018273
2083808
2075619
2018276
2206687
2173926
2149351
617448
2149352
2083818
2149353
2149354
2149355
2149356
2149357
2149358
535537
2173929
2173930
2173931
2075638
2075639
2075640
2075641
19450
2075642
2198525
609279
617476
388101
388102
19463
601096
961546
494607
19472
2133009
2174368
2206735
2182170
2190363
2116637
379934
2133021
494624
560160
2133022
2198564
2198567
2182184
2174369
2075692
2182187
2124846
2124847
2133038
2198574
2116658
2116660
2075702
1215545
2075709
2141248
2198592
2206789
560198
142407
560199
560200
617546
560202
560204
560205
961614
560206
1806325
560209
2198606
2198607
2198608
560213
1190998
560215
560216
560217
560218
2083927
502876
560220
560222
2190423
502880
543841
560224
560226
560228
961637
126054
1215587
2193847
486509
527473
1297521
560243
2018418
560245
495614
2190455
2182264
2141305
1806335
2083964
2083966
2190462
2075776
2174082
2182275
2190469
2075784
560265
2075785
257167
2092181
2124953
2190490
2075803
519325
2116771
1297579
2075825
2174130
2075827
2084020
2174325
1191096
2075832
2075833
2075834
2084026
2157757
2174326
2174327
2182339
2141380
2174328
1297606
2174329
511179
2157772
2174330
2125010
2125011
2174331
2198743
2174332
2198744
961757
2165982
2203641
2125028
2075879
2190570
576747
535791
19696
2149617
2190576
2190579
961780
2190582
2174338
421115
584956
2174339
2182398
2075904
945409
2141446
2190598
2174342
2075918
2075919
44304
44306
2125079
494874
994588
2182428
429346
2149666
2075944
994609
347442
363826
2198834
27957
347447
2174351
2190647
363834
19771
2174352
2084163
544070
2174354
2157896
2198855
2157899
27980
2157901
2174287
2174356
1805650
1805651
2190679
1805660
527709
1805661
945503
945504
1805663
945506
1805664
2116960
945509
945510
1805669
945512
2116965
2125153
2125158
2198885
2207082
2198894
2174319
2125168
2125169
2125170
2166129
2166131
2174320
2076022
2174321
2125176
994681
2174322
2174323
2174324
1699197
2125181
2125182
2125183
2125184
2125185
2125187
2157951
2125189
2174333
2174334
2174335
2174336
2174337
1715595
1699212
2174340
2174341
576911
2174344
2174345
2174346
2141587
2174348
2174349
945558
945559
249240
945561
2174353
2076059
2076060
2125212
2174357
2174358
2174359
2174360
2174361
2174362
585124
2076068
2076069
2166181
1805736
2076072
2166182
2174372
2076076
2076077
2076078
2157998
2174375
2174376
2076082
2174378
2174379
601525
2076086
2174382
2174384
2076089
2174385
2174377
2174387
2174388
2174389
2174390
2174391
2174392
2174394
2174395
2174396
2174398
2174400
2149831
2174401
2174403
544202
2174404
2174405
2174406
2076110
2174381
2174407
2076113
2174409
2174410
2174386
2174412
2174413
2174414
2174415
2174416
2174417
2174419
2174420
503261
2174421
2174422
2174423
536033
2076129
2076131
2076132
945637
2076133
2076134
2076135
2076136
2076138
2076139
1805804
2076140
2076141
2076142
2076143
2076144
945650
2076145
2076146
2076147
2076148
2076149
2076150
2076151
2076152
2076153
2076154
2076155
2076156
2076157
2076158
2076159
2076160
118275
2076161
2076162
2076163
2076164
2076165
2076166
2076167
617995
2076168
617997
544270
2076169
2076170
2076171
2076172
2076173
2076174
2076175
126486
2076176
2076177
601625
945689
1805849
2076179
2076180
2076181
2076182
2076183
2076184
2076185
1715747
2076187
2076188
2076189
2076190
2076191
2076192
2076193
2076194
2076195
2076196
2076197
2076198
503344
2076200
2076201
20019
2076203
2125358
2190904
2190905
2190908
2182719
945729
2182721
552516
2199108
618055
2092620
2199117
2092626
2149970
2207320
2158174
2149986
2174411
2207336
306800
2117232
2141808
306805
2199158
2150007
2199160
1715834
2141819
495229
2199165
2199166
1715845
2190984
2150035
2199190
2190703
2199192
2166425
2084507
2199195
2166429
2210244
2207400
2191017
2174425
2166445
2199214
2084527
2210246
2174426
2191026
2207412
2174427
945851
2174428
2141885
2190712
2174430
2191045
2174431
528077
429775
2174432
2191057
2208625
601811
2092762
2174434
2174435
2084576
462561
2084578
2084579
2166256
2174436
2207459
2024640
2158311
2191080
2092778
2141930
2024641
2092782
2174438
2024642
2199286
593655
2174440
2191097
20218
2174441
2199295
2174442
20227
2199300
2191110
2174443
2125576
2024647
2207498
2174444
2207501
2150162
601875
2024649
2191124
945943
2117401
2190729
2166557
2024651
945951
1806112
2203706
593698
2024652
2125604
2207520
2024653
552745
2191146
2182955
2199336
2024654
2182957
388915
446261
380726
2191157
610104
2199350
2203707
2191163
2199358
2199359
2125632
282433
2182978
2199360
2166596
2166597
2199364
503623
2166599
2199369
946001
2182599
397145
2084698
2190742
2125667
2191207
561003
1806195
2158452
2199413
2158455
2182607
1027963
1806205
2207613
2182608
2084742
2183050
2183055
946065
2191250
2158484
2199444
2199445
2198895
2190754
2199448
2199449
2199450
2125724
282525
2199452
2125728
1585057
602022
2190757
380840
2191274
2150315
2190758
2198899
2199466
249777
380852
2190760
520120
2183096
2199485
2198903
1306563
2092997
1806281
2076621
2183117
2076623
2198906
2150353
2198907
331735
511962
2076638
946147
2150371
2199525
2198911
1757161
1806316
2158573
2158575
2142193
2198913
1806323
462837
1306613
1806327
389111
1806329
1806330
1806331
1806332
1806333
1806334
1806326
1806336
1806337
946178
1806338
1806339
1806341
1806342
1806343
1806344
1806345
1806346
544779
1806347
1806348
1806350
1806349
1806352
1806351
1806354
1806355
1806356
1806357
1806358
2142231
1806360
1806361
462875
1806363
1806365
135198
1806367
1806364
1806369
1806370
1806371
1806372
1806366
1806374
1806375
2117670
1806377
1806379
1306668
2190785
397366
2125879
2076730
2093115
2125884
2175034
2175037
2076735
2191424
2190788
2125892
1806405
2166853
2158663
2076744
585806
2183246
2199632
2084947
2199636
2199637
2093143
2166871
2190792
2076762
2190793
2084957
2084958
20575
618592
618593
2175073
2191462
1806442
2084970
2207853
2183279
2076784
2166903
2199671
1724539
2182659
2166914
2166915
2150532
2166916
2166917
2190801
2076808
2207083
2183306
2166925
2183309
2076815
2076816
2117775
2166929
1618070
2166935
2166937
495771
946332
2150555
2076830
340127
520352
2166940
2166941
2166946
2183327
2207089
577703
2198949
20649
1618091
2175150
2207092
2134193
2166964
2085045
1724598
2166965
2166966
2166967
1724602
20667
2085051
2085052
2126014
2166968
577728
2166969
2166970
2166971
2076868
2166972
2166973
2166974
512200
2166976
2166977
2166979
2166983
20685
577741
20687
2166984
2166985
2166986
2166987
2166988
585941
2085078
2085079
2207100
504026
2085082
2150620
528605
2167004
2190818
2167010
2167011
2167012
2167013
2167014
2175204
2167016
2167017
2167018
2167019
446700
2167020
528622
528623
2167021
2167022
2167023
2167024
340212
2167025
2167026
2167028
2085112
2085113
2167029
2175219
946428
2207106
1618175
446723
2076932
2191622
2076935
2190827
348425
2076937
2167051
2207110
2167053
618767
2167056
2093330
2167059
20756
20757
381206
2076948
2085140
2085143
2150677
2167063
2167065
2167067
2207112
2167073
577826
2167075
2167076
2167077
618790
946472
2207116
2207117
2190835
2167091
2167095
2150712
2167096
2167097
2167098
2167100
2167103
2167104
2167106
2208067
2167108
2167109
2167110
20807
946503
2167112
2167114
2208068
2167116
2134349
2167117
2183500
2167120
2167121
2190842
2208078
2167124
2167125
2167126
2167127
20824
586073
2208085
2208087
2190844
2191709
2183518
495967
2085227
430444
2093420
2093422
2191729
545138
2167155
20859
1724805
1724806
1618316
2191761
1618326
1618332
2142621
946595
1618344
2183596
561581
2175405
2183600
2199984
602549
2167223
2077112
2126265
389562
946618
2183607
2183610
2183612
2142655
2093505
405954
2150849
2167241
2167242
2167243
2167244
2167245
602574
2167246
2167247
2167248
2167249
2167250
2167251
2167252
2167253
2167254
20952
2167257
1307098
2167258
602588
2167259
2167261
618975
946655
2167262
2167263
2167264
2167265
2077157
455142
2167266
2167267
946665
946666
2167268
2167269
2167270
2167271
2167272
2167273
2167274
381426
2077171
946676
2085364
2167277
586231
2167279
2167280
2167281
2167282
2167283
2167284
2093566
1307135
2093567
2167288
946690
2167290
2167291
2167292
2167293
2167294
2167295
2167296
2167297
2167298
2167299
2167300
2167301
2167302
2167303
2167304
602642
2093586
2167307
2167308
2167309
2167312
2167313
2167314
2167315
2167316
954908
2167317
2167318
2167319
348704
2167320
2167321
2118179
946724
2167324
2167325
946727
2167327
2167328
2167329
2167330
2167331
2167335
2200103
430639
2077232
569905
2118193
2175537
2118201
946750
2200126
2085441
2126402
2093635
2208323
602693
2200134
2175567
1700432
2191958
447063
2208348
2052701
602722
2175588
2093670
2118247
2200168
578154
2077290
2077291
2126444
2200174
619119
1700466
2200180
340597
2200182
2126456
2118266
250491
340608
2110082
1700483
1700485
2200200
2200202
602763
602764
2077323
2200203
2118287
1307285
1307286
332450
2077347
570028
2192044
357043
2085555
2077366
2118330
2192072
619211
529111
29400
406234
2200283
2200284
2052833
1700578
2110179
430820
537317
537319
1594092
2192108
2208494
1307375
2118383
586481
488185
2077433
324349
586494
1307392
2200322
340747
2208523
2167565
611086
2110222
2085648
2200333
2199072
2077459
2200334
2192152
2200702
2093855
2143026
1700662
2200708
2192191
578374
2192199
2208589
2077527
2077529
2077530
2093914
2093915
2200409
676703
1028959
2077537
2125818
2192224
2192225
2126693
586598
2110311
2192230
2192231
2110314
2208613
2110316
2126702
553841
2110322
2110323
1700724
2110325
2110326
2126705
357240
2110328
2110329
2110330
2126707
2192258
2077577
2208654
1307536
1266578
603028
2118548
2192278
2192279
2167706
2077595
2167707
2077597
2192288
2184103
2184104
545705
529322
2118573
2208686
996276
2077620
275382
2077622
996280
2208696
996283
1029052
21444
1029060
1594308
2145376
2208715
2192332
2145378
2077647
2192334
1266641
2208718
619475
1266643
1414099
2077656
2145380
2175961
2192345
406496
2192355
1266661
1594343
1594345
1594347
1594348
1594350
2192366
414705
2200569
340986
2192380
570365
2192382
2200575
2053121
398338
349189
2126855
545800
545801
545802
529419
545803
619530
2192391
2200597
2077721
2151450
2200606
447519
2110496
2200608
439333
2192423
2192427
2167855
2192432
545844
2077750
2192439
2167864
21561
2085946
2200631
2208826
570429
2077757
2167871
2200646
2126922
341067
390223
2126929
2085970
2028634
1299546
2167900
2167901
119908
2153551
2167918
2197513
2192501
463990
570488
2118779
2143355
2118782
2118783
2118784
2118785
2118786
2118787
2118788
2118789
2151558
128135
504968
2086025
1701002
2118791
2151559
2192521
2208903
152720
2192530
2192533
1234070
1348758
2200728
2208922
955548
2118815
2118816
2118817
2118819
2118820
611493
2118823
2118830
2118832
1594546
2118836
2176183
2192571
2086076
2151616
2192578
2159811
2200777
840910
955598
955600
1701071
2192591
2200791
2192600
2200792
2135260
2200796
529630
1299684
365797
2110696
349418
2192625
2192626
2159860
2168053
2192633
2192634
2209022
447743
2077951
357633
2151685
840967
996624
2118929
1299732
2086168
2077977
2086169
2159896
1299740
2168089
2209051
996643
152868
2143528
2143533
1594671
2209072
2192691
2200884
996662
1594678
1594680
1594681
2078013
595263
1594689
2159940
2078021
2168140
292176
472404
2151766
537944
2168153
2168156
2143582
816479
2143584
2143585
2143586
2143587
2143588
2159973
2143590
464231
2143591
2143593
2143594
2143595
1635692
2078060
2143596
2143597
2143598
2192744
2192750
1594741
1594742
1594743
2053496
2119033
2192758
1594747
2078080
2168197
2184543
2081965
2143624
2192776
2192778
2192779
2192780
2192781
2192782
2192783
2192784
2168209
2192785
2192786
996756
333205
2081968
2176407
152984
2143640
2143641
382363
513436
2192788
2192790
2192791
2192792
2192793
546210
2192794
431524
2192796
2078132
2143671
947642
2143674
2168250
2197579
2197581
2188469
2078153
2078154
2143691
2127318
1594840
2165350
2053601
464358
2078184
1594857
349689
587257
1594873
996860
1594876
2053627
595455
2160126
1594881
2078210
2160127
2160128
2192895
2192898
153095
2192902
2192904
947726
2176529
2168341
2199544
2209311
2209312
2209313
2151971
2192935
2192936
1594921
2192942
947761
2209329
415297
996929
2192964
2086473
2184779
2192972
996948
620122
464476
530012
996956
996958
947810
2078306
947817
947825
947826
2169936
2127477
2193013
2169937
2168442
2168445
947846
947847
2143883
546444
2143886
2193040
2193041
2111127
947865
2111129
2193054
947871
2150406
1734326
2111162
513724
128703
2127552
292548
120517
554693
579269
538313
2160338
1554137
2168538
2152155
497373
2184928
2193129
251627
2176748
538354
2127602
2168565
612088
587520
2184968
2012937
2168586
579343
579344
2193168
2111251
2111252
620309
2111253
2111254
2111255
2078489
2111256
251675
2111257
2111258
2111259
251679
2111260
2111261
1611554
2111262
2111263
1554213
2111264
2111265
2111266
2078505
2111267
2111268
2111269
2111270
2111271
2111272
2111273
2111274
2111275
2111277
2111278
2111279
2111280
2111281
2111283
2111286
2111287
2111288
2111289
2111290
2078527
2111295
2111296
2111298
2111299
2111300
2111301
2111302
2152257
2111304
2160457
2111307
2111310
513871
2111311
2111312
2094930
2111314
2111316
2111317
2111318
2111319
2111320
2111321
808794
808800
2111328
2094946
2111329
2111331
2111332
2111333
2168676
2111339
284528
2176886
2168699
1570685
2078589
2193278
513920
2193279
2193280
2078595
2193281
2078597
2152325
2193283
2094987
2192787
2193291
2160531
2160532
2201492
563095
2152346
1570715
2176923
2127779
464813
1570733
2078642
2192795
2078645
2111416
2127801
2168762
2086843
2193339
964541
2193342
964549
399304
358347
2176973
1570766
964559
1570770
1570772
2193364
1570774
1570775
1570776
2152409
2152410
1701851
2152412
2193368
2152414
2152415
2152416
2144226
2127843
2144228
2111461
2127845
776167
2144229
2144231
2144234
2144235
2152419
2152420
2144238
2152422
2144240
2152424
538610
2078706
2078707
2111476
2144242
2144244
423928
2144247
2144248
382971
2144249
2168822
2144254
2144256
2193409
2078722
2144258
2144260
309254
2144262
2144264
423945
2144266
1570827
2086923
464909
530445
497679
2144268
2144269
2144270
2078739
2144272
2144274
464918
2144275
2144277
2144280
2078746
2144281
2144283
2152472
2193437
2078752
2078753
2078754
2078755
464932
2078756
2078757
2078758
2078759
596009
2078760
2078761
2078762
104493
2078763
104495
2078764
2078765
2078766
2078767
2168880
2168881
2168882
2193455
2193457
2193464
2078780
620605
2078782
2193469
2193474
2193475
2095175
2119751
530505
2185290
2095181
2152529
2119764
2111573
2119765
2177109
2168920
2168921
2193493
2177119
579685
2078822
2168938
2193518
2166781
2078834
2193527
2186321
2193528
2193529
2193531
1570940
2193532
2193534
2193535
2193536
2193537
530562
2193538
2193539
2198917
2078854
2193542
2087048
383113
489609
2193543
2201745
2177172
2166788
2177173
96409
2166789
2201753
465054
2201758
137376
2209952
2168995
497832
604329
1579183
2078898
2078900
2169012
2193588
2198919
489668
2144454
514248
2087115
2152652
2152653
2152654
2169037
2193615
2169041
2193617
1579228
2128096
497895
2193646
2193647
2193648
1579249
2193658
2193661
2193662
1734911
2193663
2193664
2193667
2193668
620806
2119946
2152715
2193682
571667
2078995
2193689
1194267
596256
2210082
2128168
2054442
2193707
2119980
2193708
2193709
2169138
2193719
497976
2210105
596285
2169150
596290
2079045
2079046
260424
2193738
2210125
2210127
2169171
432477
2136413
2193757
2193761
2111848
2079085
2193777
2054515
2054519
2054521
588159
2144040
2136454
489874
2087314
432532
2128280
407963
2193827
2087332
465325
2079155
2111926
2111927
1579448
1579449
1579450
1579451
1579452
1579453
1579454
1579455
1579456
1579457
1579458
1513923
383428
547268
383430
604615
1579459
1579460
1579462
1579463
1579464
1579465
1579466
2054603
14802
858578
604628
1513943
2193882
129499
2128348
2136542
1513952
2136545
2136547
2136549
2136551
2136553
121322
2136555
2136556
2136558
1579503
481781
2144760
2095610
481790
2095615
104960
2079232
1513986
2095617
1513988
2095618
2210312
2169354
1579537
612888
326179
2169379
2193969
2193974
858683
2136636
2120255
2079296
121409
2210372
2087494
96843
2079310
612945
383573
2169429
621145
350810
146012
252511
2169441
2054754
2120292
285286
1301095
2120294
2120295
2120296
2194022
2194024
2079341
2194025
465521
2112125
1301118
2153088
2111527
2198612
2136719
2079376
2128535
604837
1243813
1514152
522923
1514155
1243825
2210483
2169527
2194103
359101
2112189
1194694
1194696
490186
2177739
2194126
498384
1514192
2153168
2122941
2202328
2128609
2144997
2153190
2122944
2144999
2145000
2169574
1202928
948978
2210560
2204361
465669
15110
2210567
1514248
1514249
2153225
1514251
2210568
1194765
949006
2204363
2210570
2210574
2079507
490260
2169621
2204364
2210580
2210582
2194596
2122955
2186015
2210592
2210593
949027
490277
2079526
539437
113455
1555247
1006391
1006392
2186039
2112321
154434
2079555
2112322
2112323
2112324
2079559
2122962
2145091
2177859
2122964
2186063
2210639
2145106
15188
2122966
2087766
2079576
2186073
2122968
498532
2122969
2186086
2194290
498551
2087799
113533
1555327
2194306
269190
2191362
121742
1555352
621469
2186142
2128799
408480
2128801
482211
498596
2194342
564138
1555372
465839
465840
2079663
2079664
2122984
2128821
15286
2165319
2122986
1301443
1555397
465862
2165322
2194375
2165323
2128847
2165324
318418
2122991
2165325
2165326
2169818
515036
2165327
2122994
949219
949220
2122995
2165329
2194409
2178026
2087915
2178027
2194413
2079726
2210792
498672
2210794
2079732
2169844
2122998
818167
2165332
818169
1301502
2145280
2194435
2194436
2165335
2165336
1203218
2178070
1203229
2139288
556066
2079778
1301543
2112553
2087978
2165342
2165343
556084
2165344
2190814
2178103
2055226
2145339
2165346
1203264
154689
2166975
1227843
498756
2120775
1301581
1301583
1301584
2145359
433234
154707
293971
1301586
2120788
2145360
2145361
285785
2145362
2145363
2145364
2145365
2145366
15455
2145367
2145368
2145369
2145371
2145372
2128997
2145374
2112615
2145375
2112617
2145377
1514603
2145379
1514605
2145383
1514607
2210925
2112628
2161780
2168614
2129018
2194555
2210950
2194567
2166989
1514633
580747
1514636
2165362
580751
2186382
294036
515222
2153624
2165366
2194595
1301668
2153636
2071718
1514663
2153637
2165367
2071722
2071723
2071724
2071725
2088106
2088108
2178215
2178221
1105078
15543
2055354
15547
2055355
2165371
2194628
2165373
2153674
2088141
425166
2165375
482514
2165376
2194646
2194654
2165378
2153700
2165379
1514727
2198962
15597
2165381
2207103
2181664
2165382
2165383
2165384
2190822
1228038
2161931
2175157
253200
1228048
482578
2112785
2165388
466197
474389
2165389
2181671
2175159
2112795
2055455
2210983
2165393
2165394
2194735
2129201
2194736
2194739
2165395
15673
2080057
2165396
105794
2137410
2137412
2129229
2137421
2165401
499029
2112854
2165402
564574
2202984
359785
2165406
1228140
2121072
286065
2080114
2112882
2194806
154999
2162054
2165412
155019
2112909
15758
2203025
15764
1736084
2194838
2203032
114073
2121114
2203033
2203035
515485
2203037
2203038
2203039
515490
2165417
2181699
2203043
466342
2203047
2203048
2203049
2203051
466349
310702
2203053
2165421
2129337
2165422
2165423
2137541
2137542
2137543
155080
2165424
2137547
531916
2137548
2165425
622031
2137551
2088401
2137553
531923
2137554
2137557
2162128
2203087
2203088
2203094
2088410
2186715
2088412
2088413
2137566
2121184
2194914
2080227
1203693
2178541
2186736
2186737
2203120
2203123
2186740
2186741
146934
1302006
2186742
2194938
589307
2186750
548354
2165436
15879
2194954
1089037
2211341
2194959
2203151
499217
622099
2203155
2129435
605726
2113055
2113056
359969
605729
622115
2080292
2165442
2080294
2170402
2186787
2055721
2152418
2211367
392752
2137651
2055732
491061
2181728
2137655
2195000
2080313
2113082
2137657
2152421
2203194
491070
2055742
2195007
2195008
2195009
2113091
2203203
2055749
2170437
2211391
2181732
2170444
523853
2152425
2165451
2170446
2152426
450131
499283
605783
2152427
2165453
2170455
2186840
2152428
2055775
2170463
2152429
2080354
2080355
2170464
2170466
2170470
2144289
2195045
2147547
2195055
2170482
2195062
2195065
384634
2195076
2195077
319117
589456
253585
548498
16022
16027
540322
2137791
2137792
417473
2137793
597703
2170571
581324
2088652
343759
687830
2165478
499418
532186
2195164
2080479
614113
532194
1228514
1228515
2203365
2211560
2088685
2165483
2129648
2211567
491250
2165484
2170614
1228537
597755
2181770
589579
2170638
2178830
1539856
2195216
2195217
2195218
2195219
2170645
2193171
2187033
2195226
2187035
2195227
2187037
2187039
2187040
1539873
2170658
1539875
2187041
2187043
2187044
2203431
2170664
2178856
2203432
2121515
2170668
2137901
2121518
2211623
2137904
524085
606005
2178869
1539896
2195257
32571
581437
2146110
2183409
2203453
2137923
2137924
2170691
524102
2137930
2198066
2187086
2198068
2170711
2080600
384857
2170714
2204848
2146141
606046
1302366
1302368
2129760
2211680
106339
2211683
2211685
2087352
491370
2198072
491375
2198074
2203513
499578
2195322
2198077
2146181
2088839
2088841
155531
589708
2193194
2088851
2181799
581535
2211748
2189943
2211752
2198085
360369
360370
565171
2146225
1228727
2193204
2203596
2203597
589775
2195409
2195419
2056157
2088927
2088928
16354
2088930
2163904
2160648
2181816
540656
385011
1228793
2146298
2203643
2211836
2189960
2146303
