1006391
108441
117549
1197920
1198953
1203368
121409
1229820
1230117
1280113
1280114
1307135
1307375
1307392
1514155
1548819
1548953
1570685
1579537
1598439
1598572
1598614
1671808
1672427
1672553
1700432
1700578
1806316
2016921
2017941
2055721
2055775
2056690
2056700
2058282
2074378
2074611
2074843
2074969
2074987
2075033
2075036
2075832
2076059
2076072
2076082
2076089
2076110
2076621
2077071
2077498
2077529
2077537
2077721
2078013
2078854
2079046
2080313
20807
2080794
2080955
2081105
2081598
2081600
2083790
2084507
2084742
2084970
2085051
2085052
2089094
2089536
2090566
2092778
2093670
2093914
2095175
2114355
2116186
2116771
2117670
2118548
2120294
2120295
2121838
2121919
2122671
2123055
2123063
2125189
2125358
2125884
2127801
2127843
2128847
2130392
2134193
2137655
2137924
2138931
2139105
2140480
2143528
2143883
2143886
2147190
2147601
2147603
2148936
2149986
2150035
2150406
2157757
2157772
2157896
2157899
2158174
2161780
2163667
2163904
2165233
2165501
2166871
2167707
2168140
2168153
2168586
2168614
2169150
2169171
2169621
2169936
2170402
2170986
2171049
2171245
2173274
2173313
2173926
2173928
2175204
2177109
2177119
2177173
2177739
2178221
2179925
2182955
2186840
2187033
2187322
2188201
2188472
2189159
2190462
2190579
2190729
2190984
2191424
2191709
2192571
2192578
2192744
2192784
2192972
2193168
2193342
2193457
2193719
2193882
2194596
2194735
2195007
2195008
2195009
2195665
2195757
2195804
2195836
2195909
2196586
2196795
2196991
2197206
2197579
2197848
2198903
2199158
2199364
2200333
2203596
2203697
2203706
2204230
2205404
2205433
2205538
2206510
2207459
2207498
2208256
2208696
2209022
2209952
2211683
2212577
2213191
2213200
2213229
2213874
2214000
2214066
2214141
2214932
2215702
2217784
2218292
2218355
2218900
2219676
2220218
2220433
2220965
2221264
2221265
2221373
2222362
2223415
2223554
2224225
2224315
2224730
2225525
2225868
2225884
2226592
2227430
2228014
2228128
2229242
2229243
2229321
2229557
2229739
2229895
2230148
2230210
2230654
2230780
2230791
2230990
2231069
2231073
2231295
2231440
2231834
2231995
2232017
2232056
2232057
2232101
2232195
2232196
2232524
2232529
2232949
2233138
2233232
2233235
2233252
2233256
2233257
2233333
2233376
2233401
2233496
2233642
2233694
2234336
2234379
2234475
2234572
2234583
2234595
2234663
2234677
2234681
2235740
2235768
2236114
2236116
2236118
2236175
2236177
2236259
2236272
2236273
2236292
2236316
2236343
2236367
2236368
2236370
2236371
2236392
2236414
2236457
2236465
2236479
2236483
2236487
2236494
2236498
2236576
2236578
2236584
2236592
2236594
2236626
2236630
2236645
2236661
2236667
2236672
2236677
2236715
2236725
2236731
2236755
2236777
2236866
2236885
2236887
2236892
2236899
2236923
2236928
2236948
2236960
2236986
2236987
2236990
2237013
2237024
2237049
2237085
2237170
2237176
2237181
2237201
2237251
2237254
2237255
2237326
2237332
2237632
2237642
2237655
2237656
2237661
2237750
2237752
2237793
2237814
2237833
2237875
2237916
2237929
2237947
2238003
2238087
2238110
2238122
2238132
2238176
2238205
2238206
2238243
2238244
2238248
2238326
2238327
2238329
2238366
2238371
2238384
2238463
2238470
2238496
2238508
2238510
2238522
2238558
2238559
2238560
2238562
2238629
2238648
2238649
2238656
2238658
2238670
2238673
2238676
2238692
2238859
2238860
2238861
2238867
2238868
2238869
2238871
2238872
2238875
2238885
2238889
2238895
2238898
2238908
2238909
2238910
2238911
2238912
2238966
2238967
2238968
2238970
2238977
2238984
2238992
2238993
2238994
2239007
2239011
2239013
2239019
2239020
2239021
2239022
2239033
2239036
2239055
2239057
2239074
2239111
2239115
2239118
2239119
2239120
2239121
2239122
2239353
2239357
2239358
2239360
2239362
2239363
2239364
2239365
2239366
2239367
2239370
2239371
2239373
2239375
2239376
2239377
2239379
2239380
2239381
2239382
2239384
2239385
2239386
2239389
2239396
2239398
2239404
2239406
2239409
2239424
2239425
2239426
2239427
2239433
2239450
2239451
2239452
2239453
2239454
2239455
2239457
2239459
2239460
2239461
2239462
2239465
2239467
2239470
2239474
2239475
2239477
2239478
2239481
2239483
2239486
2239488
2239491
2239493
2239494
2239497
2239498
2239499
2239513
2239514
2239515
2239516
2239517
2239518
2239519
2239520
2239521
2239522
2239523
2239524
2239525
2239526
2239529
2239530
2239532
2239533
2239534
2239537
2239538
2239539
2239540
2239560
2239603
2239604
2239605
2239606
2239607
2239608
2239609
2239610
2239611
2239612
2239613
2239614
2239616
2239618
2239619
2239620
2239621
2239622
2239623
2239624
2239625
2239627
2239632
2239648
2239652
2239653
2239655
2239656
2239658
2239659
2239660
2239661
2239662
2239663
2239664
2239666
2239667
2239668
2239669
2239672
2239676
2239677
2239680
2240120
2240154
2240170
2241617
2241618
2241619
2241621
2241623
2241624
2241630
2241631
2241632
2241633
2241635
2241637
2241638
2241639
2241640
2241641
2241642
2241643
2241644
2241645
2241647
2241648
2241649
2241650
2241651
2241652
2241653
2241654
2241660
2241661
2241662
2241664
2241665
2241667
2241672
2241673
2241674
2241675
2241676
2241677
2241678
2241679
2241680
2241683
2241684
2241685
2241686
2241687
2241689
2241690
2241691
2241692
2241693
2241694
2241695
2241696
2241697
2241698
2241699
2241700
2241701
2241702
2241706
2241716
2241725
2241731
2241732
2241733
2241734
2241737
2241738
2241740
2241741
2241742
2241743
2241744
2241745
2241746
2241747
2241748
2241749
2241750
2241751
2241752
2241753
2241754
2241756
2241757
2241758
2241759
2241760
2241761
2241762
2241764
2241765
2241770
2241771
2241772
2241773
2241776
2241778
2241779
2241780
2241781
2241783
2241784
2241785
2241789
2241792
2241794
2241795
2241797
2241798
2241799
2241800
2241801
2241803
2241804
2241805
2241806
2241807
2241808
2241809
2241810
2241811
2241812
2241813
2241814
2241815
2241816
2241817
2241819
2241821
2241822
2241824
2241825
2241827
2241828
2241834
2241835
2241836
2241837
2241838
2241839
2241840
2241844
2241851
2241853
2241854
2241855
2241856
2241857
2241858
2241859
2241860
2241861
2241862
2241863
2241864
2241868
2241869
2241870
2241871
2241874
2241875
2241880
2241881
2241882
2241883
2241889
2241905
2241907
2241908
2241912
2241913
2241914
2241915
2241917
2241919
2241920
2241922
2241923
2241924
2241925
2241927
2241929
2241930
2241931
2241932
2241933
2241934
2241935
2241936
2241937
2241938
2241939
2241941
2241942
2241943
2241944
2241945
2241946
2241947
2241948
2241949
2241950
2241951
2241952
2241953
2241954
2241955
2241956
2241958
2241959
2241960
2241961
2241963
2241965
2241966
2241967
2241968
2241973
2241974
2241975
2241976
2241977
2241978
2241979
2241980
2241981
2241982
2241983
2241984
2241985
2241994
2242000
2242005
2242006
2242019
2242021
2242022
2242024
2242027
2242036
2242040
2242041
2242043
2242045
2242047
2242048
2242051
2242052
2242053
2242055
2242056
2242057
2242058
2242060
2242061
2242062
2242064
2242066
2242067
2242069
2242070
2242093
2242098
2242100
2242101
2242102
2242104
2242105
2242107
2242109
2242110
2242111
2242112
2242113
2242115
2242119
2242120
2242121
2242122
2242123
2242124
2242126
2242129
2242130
2242131
2242132
2242133
2242135
2242136
2242137
2242138
2242139
2242140
2242141
2242142
2242143
2242144
2242145
2242146
2242147
2242148
2242150
2242151
2242152
2242153
2242154
2242156
2242157
2242158
2242159
2242160
2242161
2242162
2242163
2242164
2242165
2242166
2242168
2242169
2242170
2242171
2242175
2242176
2242181
2242184
2242186
2242187
2242188
2242189
2242190
2242192
2242195
2242198
2242200
2242201
2242202
2242207
2242208
2242209
2242214
2242216
2242217
2242218
2242220
2242221
2242224
2242225
2242226
2242227
2242228
2242229
2242232
2242234
2242235
2242236
2242237
2242244
2242245
2242247
2242250
2242255
2242256
2242257
2242259
2242261
2242262
2242267
2242268
2242270
2242271
2242272
2242273
2242274
2242294
2242295
2242296
2242297
2242298
2242299
2242300
2242302
2242304
2242305
2242308
2242309
2242313
2242317
2242324
2242329
2242332
2242333
2242337
2242339
2242340
2242347
2242349
2242351
2242353
2242354
2242356
2242357
2242358
2242359
2242360
2242361
2242363
2242364
2242365
2242371
2242372
2242373
2242375
2242376
2242377
2242378
2242379
2242381
2242382
2242383
2242384
2242385
2242386
2242387
2242388
2242389
2242390
2242391
2242392
2242396
2242401
2242413
2242459
2242460
2242462
2242463
2242464
2242465
2242467
2242468
2242470
2242471
2242472
2242473
2242474
2242475
2242476
2242477
2242478
2242479
2242481
2242482
2242483
2242486
2242487
2242489
2242490
2242494
2242495
2242496
2242497
2242498
2242500
2242501
2242505
2242506
2242507
2242509
2242516
2242520
2242521
2242522
2242523
2242524
2242526
2242527
2242529
2242532
2242533
2242534
2242546
2242547
2242548
2242549
2242550
2242551
2242552
2242554
2242555
2242556
2242558
2242560
2242561
2242562
2242563
2242564
2242565
2242566
2242567
2242568
2242571
2242572
2242573
2242576
2242577
2242579
2242583
2242618
2242627
2242628
2242630
2242631
2242633
2242634
2242635
2242636
2242638
2242639
2242649
2242654
2242655
2242656
2242657
2242658
2242659
2242660
2242661
2242662
2242663
2242665
2242666
2242668
2242669
2242671
2242672
2242674
2242677
2242680
2242681
2242683
2242684
2242685
2242690
2242691
2242692
2242693
2242695
2242696
2242697
2242698
2242700
2242706
2242707
2242708
2242710
2242711
2242712
2242714
2242715
2242716
2242717
2242726
2242728
2242729
2242731
2242732
2242733
2242756
2242758
2242759
2242760
2242761
2242762
2242763
2242764
2242765
2242768
2242770
2242771
2242772
2242773
2242774
2242775
2242776
2242777
2242778
2242780
2242781
2242782
2242785
2242786
2242787
2242788
2242789
2242790
2242791
2242792
2242797
2242799
2242800
2242802
2242815
2242816
2242817
2242818
2242819
2242820
2242821
2242822
2242823
2242824
2242825
2242826
2242827
2242828
2242829
2242833
2242836
2242837
2242838
2242839
2242840
2242842
2242843
2242845
2242846
2242847
2242849
2242851
2242852
2242853
2242854
2242855
2242856
2242857
2242859
2242860
2242861
2242862
2242863
2242865
2242868
2242870
2242871
2242872
2242873
2242877
2242886
2243020
2243021
2243023
2243024
2243025
2243026
2243028
2243030
2243033
2243034
2243036
2243037
2243041
2243042
2243043
2243059
2243060
2243061
2243062
2243063
2243066
2243067
2243068
2243073
2243074
2243075
2243076
2243077
2243078
2243079
2243081
2243082
2243083
2243084
2243086
2243087
2243088
2243089
2243090
2243091
2243093
2243094
2243095
2243097
2243098
2243099
2243100
2243102
2243103
2243104
2243105
2243106
2243108
2243109
2243110
2243111
2243112
2243113
2243256
2244093
2244094
2244096
2244097
2244098
2244100
2244103
2244105
2244113
2244115
2244116
2244118
2244151
2244152
2244153
2244155
2244157
2244158
2244159
2244160
2244161
2244164
2244165
2244166
2244170
2244171
2244189
2244193
2244194
2244195
2244196
2244197
2244199
2244201
2244202
2244203
2244204
2244206
2244209
2244210
2244211
2244214
2244215
2244216
2244217
2244218
2244219
2244220
2244225
2244226
2244227
2244896
2244901
2244902
2244907
2244908
2244909
2244910
2244911
2244912
2244913
2244914
2244915
2244916
2244917
2244918
2244920
2244921
2244923
2244924
2244925
2244926
2244927
2244928
2244929
2244930
2244931
2244937
2244945
2244946
2244947
2244950
2244952
2244955
2244957
2244989
2244995
2244996
2245001
2245002
2245003
2245004
2245005
2245006
2245007
2245011
2245012
2246356
2246358
2246359
2246545
2246551
2246718
2246734
2246749
2246792
2246795
2246801
2247003
2247021
2247042
2247044
2247053
2247054
2247056
2247064
2247066
2247067
2247069
2247070
2247075
2247076
2247077
2247078
2247079
2247081
2247082
2247087
2247088
2247295
2247329
2247331
2247332
2247333
2247334
2247335
2247337
2247338
2247339
2247343
2247347
2247349
2247351
2247352
2247354
2247355
2247357
2247358
2247359
2247360
2247362
2247363
2247366
2247367
2247368
2247369
2247370
2247431
2247435
2247564
2247955
2247957
2247958
2247964
2247966
2247967
2247968
2247969
2247970
2247971
2247972
2247973
2247974
2247975
2247976
2247978
2247979
2247980
2247981
2247982
2247983
2247984
2247985
2247986
2247987
2247988
2247990
2247992
2247993
2247997
2248001
2248002
2248015
2248016
2248017
2248021
2248024
2248028
2248033
2248035
2248036
2248037
2248038
2248039
2248041
2248044
2248045
2248046
2248048
2248061
2248209
2248210
2248215
2248216
2248219
2248220
2248223
2248232
2248234
2248235
2248238
2248239
2248240
2248242
2248243
2248245
2248246
2248251
2248253
2248258
2248267
2248273
2248274
2248283
2248286
2248287
2248289
2248291
2248292
2248303
2248304
2248307
2248309
2248464
2248519
2248538
2248553
2248616
2249306
2249307
2249308
2249314
2249315
2249316
2249318
2249321
2249323
2249329
2249333
2249338
2249339
2249374
2249375
2249854
2249857
2249859
2249863
2249865
2249868
2249869
2249871
2249873
2249874
2249875
2249878
2249892
2249893
2249894
2249895
2249897
2249898
2249899
2249900
2249907
2249908
2249909
2249916
2249917
2249918
2249919
2249921
2249922
2249925
2249926
2249927
2249928
2249933
2249934
2249935
2249938
2249940
2249942
2249943
2249946
2249948
2249949
2249955
2249956
2249958
2249959
2249971
2249975
2249976
2249977
2249978
2249979
2249980
2249981
2249982
2249984
2249991
2249993
2249994
2250060
2250061
2250200
2250201
2250202
2250205
2250206
2250287
2250288
2250292
2250293
2250295
2250297
2250302
2250303
2250305
2250309
2250315
2250316
2250317
2250319
2250321
2250324
2250329
2250337
2250370
2250371
2250372
2250373
2250375
2250376
2250377
2250379
2250380
2250381
2250385
2250391
2250395
2250405
2250407
2250411
2250416
2250419
2250422
2250423
2250424
2250425
2250426
2250427
2250428
2250429
2250431
2250432
2250434
2250435
2250437
2250438
2250439
2250440
2250441
2250442
2250446
2250448
2250449
2250452
2250454
2250456
2250458
2250459
2250460
2250462
2250472
2250489
2250491
2250499
2250505
2250535
2250551
2250552
2250555
2250557
2250558
2250560
2250562
2250563
2250564
2250567
2250568
2250570
2250574
2250577
2250578
2250581
2250582
2250583
2250584
2250590
2250593
2250597
2250598
2250601
2250604
2250605
2250607
2250613
2250614
2250641
2250642
2250643
2250644
2250645
2250648
2250649
2250651
2250654
2250662
2250668
2250678
2250682
2250694
2250696
2250699
2250700
2250704
2250705
2250706
2250707
2250708
2250710
2250712
2250731
2250732
2250734
2250737
2250738
2250739
2250749
2250751
2250752
2250753
2250755
2250756
2250758
2250760
2250761
2250763
2250765
2250766
2250774
2250777
2250778
2250785
2250789
2250790
2250798
2250799
2250819
2250820
2250821
2250823
2250824
2250825
2250826
2250827
2250828
2250829
2250832
2250833
2250835
2250836
2250837
2250838
2250839
2250861
2250862
2250863
2250865
2250866
2250867
2250878
2250879
2250880
2250883
2250885
2250888
2250889
2250890
2250906
2250907
2250921
2250937
2250939
2250970
2250974
2251028
2251030
2251065
2251066
2251068
2251077
2251079
2251080
2251081
2251082
2251088
2251091
2251103
2251180
2251183
2251189
2251190
2251381
2251383
2251384
2251385
2251386
2251387
2251388
2251391
2251392
2251394
2251403
2251405
2251409
2251410
2251431
2251441
2251452
2251454
2251458
2251473
2251475
2251477
2251480
2251483
2251485
2251491
2251492
2251499
2251503
2251505
2251520
2251583
2251591
2251625
2251644
2251649
2251652
2251653
2251654
2251655
2251658
2251661
2251662
2251664
2251665
2251666
2251676
2251681
2251812
2251813
2251816
2251821
2251834
2251838
2251842
2251844
2251845
2251848
2251850
2251862
2251868
2251871
2251877
2251878
2251880
2251884
2251886
2251888
2251889
2251890
2251894
2251896
2251905
2251908
2251915
2251918
2251919
2251926
2251935
2251936
2251940
2251944
2251945
2251950
2251953
2251955
2251956
2251959
2251960
2251961
2251963
2251969
2251978
2251981
2251988
2251993
2251999
2252005
2252006
2252007
2252016
2252018
2252019
2252023
2252027
2252029
2252034
2252038
2252039
2252040
2252041
2252044
2252048
2252055
2252061
2252074
2252077
2252078
2252084
2252085
2252091
2252092
2252097
2252098
2252105
2252107
2252110
2252111
2252117
2252118
2252119
2252158
2252160
2252161
2252165
2252167
2252169
2252189
2252193
2252203
2252209
2252218
2252244
2252246
2252247
2252259
2252262
2252270
2252277
2252288
2252295
2252483
2252484
2252486
2252487
2252496
2252508
2252509
2252523
2252528
2252536
2252541
2252551
2252553
2252557
2252559
2252560
2252561
2252562
2252563
2252569
2252573
2252575
2252578
2252586
2252590
2252591
2252604
2252606
2252610
2252617
2252618
2252648
2252650
2252652
2252660
2252661
2252662
2252665
2252668
2252678
2252679
2252680
2252693
2252694
2252716
2252732
2252733
2252736
2252762
2252763
2252765
2252767
2252770
2252772
2252779
2252780
2252784
2252785
2252786
2252790
2252791
2252792
2252794
2252795
2252797
2252801
2252806
2252810
2252811
2252820
2252821
2252824
2252825
2252830
2252836
2252865
2252866
2252868
2252869
2252870
2252873
2252877
2252880
2252893
2252895
2252896
2252909
2252915
2252924
2252929
2252931
2252940
2252950
2252959
2252974
2252994
2252995
2253000
2253001
2253003
2253006
2253008
2253009
2253013
2253014
2253024
2253025
2253031
2253032
2253033
2253037
2253044
2253046
2253048
2253059
2253061
2253062
2253063
2253068
2253069
2253073
2253101
2253292
2253298
2253301
2253305
2253319
2253320
2253321
2253323
2253324
2253340
2253346
2253353
2253354
2253355
2253356
2253359
2253360
2253367
2253388
2253410
2253420
2253440
2253448
2253450
2253468
2253513
2253564
2253567
2253569
2253570
2253571
2253572
2253575
2253599
2253600
2253603
2253606
2253607
2253608
2253612
2253614
2253617
2253619
2253626
2253629
2253630
2253640
2253641
2253653
2253655
2253660
2253663
2253674
2253677
2253688
2253689
2253691
2253692
2253693
2253694
2253698
2253702
2253703
2253704
2253708
2253717
2253720
2253723
2253727
2253730
2253753
2253759
2253768
2253774
2253775
2253780
2253793
2253798
2253806
2253814
2253847
2253848
2253849
2253850
2253851
2253855
2253862
2253864
2253867
2253869
2253879
2253934
2253940
2253941
2253947
2253948
2253952
2253953
2253954
2253967
2253977
2253991
2253992
2253993
2254011
2254017
2254024
2254029
2254031
2254032
2254033
2254034
2254035
2254043
2254052
2254053
2254060
2254062
2254064
2254075
2254076
2254080
2254162
2254164
2254165
2254166
2254168
2254175
2254179
2254192
2254193
2254195
2254199
2254203
2254205
2254206
2254209
2254214
2254215
2254222
2254225
2254230
2254240
2254243
2254255
2254258
2254259
2254260
2254261
2254265
2254266
2254287
2254296
2254297
2254303
2254304
2254308
2254311
2254312
2254314
2254341
2254357
2254359
2254367
2254370
2254372
2254377
2254382
2254385
2254421
2254431
2254437
2254439
2254457
2254458
2254462
2254465
2254484
2254486
2254487
2254491
2254493
2254495
2254498
2254499
2254505
2254507
2254517
2254518
2254520
2254529
2254533
2254540
2254548
2254556
2254557
2254558
2254568
2254570
2254573
2254677
2254692
2254694
2254703
2254705
2254709
2254715
2254718
2254719
2254725
2254728
2254729
2254732
2254738
2254739
2254750
2254751
2254752
2254756
2254761
2254769
2254772
2254778
2254781
2254782
2254792
2254795
2254799
2254808
2254810
2254812
2254814
2254816
2254818
2254827
2254828
2254830
2254831
2254832
2254839
2254840
2254843
2254844
2254849
2254865
2254869
2254870
2254871
2254872
2254880
2254905
2254909
2254923
2254943
2254945
2254946
2254950
2254956
2254957
2254963
2254964
2254969
2254973
2254975
2254977
2254980
2254984
2254990
2254991
2255015
2255045
2255052
2255053
2255054
2255058
2255071
2255075
2255094
2255097
2255099
2255100
2255113
2255114
2255116
2255123
2255127
2255136
2255139
2255140
2255141
2255142
2255151
2255154
2255167
2255176
2255181
2255184
2255185
2255199
2255200
2255201
2255203
2255204
2255210
2255211
2255215
2255218
2255221
2255226
2255228
2255235
2255244
2255246
2255251
2255257
2255258
2255273
2255275
2255277
2255287
2255362
2255363
2255370
2255373
2255387
2255389
2255391
2255403
2255411
2255412
2255413
2255415
2255424
2255429
2255433
2255441
2255450
2255463
2255537
2255559
2255569
2255572
2255573
2255577
2255578
2255582
2255604
2255608
2255612
2255613
2255622
2255630
2255632
2255635
2255650
2255683
2255687
2255745
2255746
2255747
2255753
2255794
2255801
2255802
2255806
2255809
2255810
2255811
2255812
2255813
2255814
2255815
2255816
2255819
2255820
2255824
2255910
2255923
2255929
2255951
2255962
2255967
2256101
2256106
2256109
2256110
2256113
2256119
2256127
2256130
2256163
2256179
2256185
2256198
2256208
2256211
2256251
2256252
2256305
2256306
2256331
2256332
2256335
2256339
2256340
2256346
2256347
2256348
2256349
2256360
2256364
2256370
2256374
2256376
2256379
2256386
2256387
2256390
2256392
2256399
2256400
2256407
2256411
2256412
2256413
2256414
2256415
2256418
2256420
2256421
2256426
2256428
2256441
2256449
2256450
2256479
2256486
2256488
2256503
2256522
2256541
2256546
2256548
2256557
2256564
2256565
2256577
2256579
2256585
2256589
2256598
2256610
2256636
2256640
2256650
2256653
2256655
2256658
2256659
2256663
2256664
2256667
2256668
2256669
2256672
2256674
2256675
2256676
2256716
2256728
2256743
2256744
2256745
2256746
2256747
2256848
2256851
2256857
2256861
2256862
2256863
2256872
2256873
2256874
2256889
2256895
2256898
2256900
2256909
2256915
2256974
2256977
2256979
2256986
2256987
2256999
2257002
2257003
2257014
2257024
2257029
2257034
2257038
2257039
2257214
2257215
2257218
2257230
2257281
2257297
2257301
2257317
2257321
2257322
2257327
2257341
2257363
2257366
2257447
2257453
2257459
2257473
2257474
2257476
2257480
2257481
2257507
2257510
2257511
2257514
2257516
2257517
2257523
2257540
2257544
2257556
2257558
2257570
2257595
2257608
2257610
2257615
2257619
2257622
2257636
2257679
2257773
2257784
2257785
2257794
2257797
2257805
2257809
2257838
2257839
2257843
2257891
2257892
2257898
2257899
2257909
2257911
2257912
2257924
2257925
2257926
2257929
2257942
2257954
2257955
2257956
2257961
2257965
2257966
2257969
2257977
2257999
2258009
2258016
340212
346187
357043
363826
399304
425166
434725
439333
446723
45377
465326
467196
482211
483841
484330
484645
490186
493604
493612
493685
494874
495614
498672
499029
499217
499799
501081
502131
516227
516816
524102
538196
538610
543042
544202
545705
546210
548498
553841
563095
566352
576911
586417
589307
597703
598901
601044
604329
606527
606608
606843
607782
612088
617025
617308
618055
620122
620806
622115
622659
623378
816479
945503
946065
947642
964549
996280
