2250752
2254849
2242562
2250756
2252806
2242567
2254855
2238473
2242570
2256902
2242576
2187284
2203670
2242583
2250774
2234394
2252829
2254880
559138
2252840
2252843
2256940
2252846
2252851
2234425
2242617
2252862
2224191
1738818
2250818
2254916
2232391
2242633
2256969
2250835
2250843
2216030
2183264
2236513
2242657
2242662
2242664
2242665
2095210
2250857
2242668
2242669
2252915
2254963
2254967
2252920
2242686
2252931
2250885
2250887
2252937
2252941
2236559
2242703
2242705
2236563
2236564
2246803
2246804
2242711
2252950
944282
2128029
2242717
2236579
2242729
2234544
2250932
2017462
2250935
2238652
2250944
2236610
2238659
2250947
2252994
2252995
2242759
2250954
2236625
2250963
1188054
2242780
2250973
2216158
2236640
2250977
614635
2242796
2234613
2236662
2074872
2234616
2236666
2234623
2242815
2242817
2236674
946435
2242824
2242826
2253069
2242830
2242831
2253072
2093331
2251033
2234654
2255135
2251041
2242850
2251042
2236709
2242853
2242855
2251049
2242864
2208051
2214197
2242869
2244917
2244919
2244921
2242875
2251068
2236734
2255170
2255173
2242887
2244937
2214218
368979
2251091
2244955
2247003
2251102
2255203
2247014
2247017
2204011
2255211
2234735
2257264
2247028
2230650
2255226
2255228
2193793
2257285
2255246
2245010
2245012
2238882
2247078
2247079
2257322
2236845
2251182
2247087
2255277
2247093
2255287
2236858
2228675
2236868
2248261
2253291
2230773
2236924
2224637
2243073
2253322
2253325
2243096
29224
2243112
2253356
2118197
2257464
2255418
2224729
2093672
2239080
2239086
2239089
2200178
2239091
365174
2237048
2251384
2251389
1671808
2239106
2253447
2239124
2247329
2093731
2253480
2233004
2247345
2181810
2247348
2247353
2247354
2206395
2247356
2251449
2128576
2185920
2257610
2251470
2251475
2257634
2130659
2257639
2257640
2233070
2192125
2151173
2253576
2257683
2149142
2255639
2253602
2222884
2253607
1671977
2132778
2186029
2253630
2255687
2257742
2257744
1049430
2231128
2253661
2253662
2114409
2253673
2253676
1555317
2239353
2253691
2251644
2253693
2251650
2251651
2253703
1672074
2251658
2253712
2257812
2239382
2253718
2251673
2251675
2251680
2255778
2208679
2257841
2079673
2255803
2239431
2239437
2198480
21461
2239449
2253792
2257896
2075627
2233331
2253811
2257912
2257923
2257924
1555470
2200591
2257936
506898
2239507
2253846
2239520
2239521
2257963
2233389
2253871
2229306
2255934
2253887
2257985
2251842
2257986
2251844
2257988
2257989
2251847
2257993
2257994
2257995
2257996
2257998
2258000
2258004
2258005
2251862
2258007
2255972
2241646
2241648
2253937
2241651
2241655
2253945
2241661
2253949
2251906
2239620
2249862
2251911
2251912
2251913
2251914
2253965
2241678
2239632
2249873
2251923
2249877
2018455
2249880
2241689
2129052
2241692
2233505
2241701
1526950
2229415
2239664
2239666
2249907
2239668
2251957
2249911
2254010
2251963
2241725
1203390
2249917
2249921
2249924
2241733
2254020
2241737
2249930
2254028
2251981
2215120
2225360
2241745
2251984
2249940
2251986
2251987
2249946
2251994
2251997
2249955
2252006
2252007
2252011
2252012
2252015
2252017
2249972
2254072
2252026
2252033
2241795
2241798
2252038
2249992
2252039
2241804
2247953
2241810
2252050
2252051
2247961
2256155
2247965
2252063
2247971
2247972
2247974
2247976
2256173
2084147
2161971
2248004
2241861
2248005
2252111
2248021
2248024
2129247
2233699
2254180
2248037
2248040
2241905
2241907
2241908
2256250
2149755
2235771
2248061
2254208
2256257
2241926
2241928
2254222
2233746
2241938
2241940
2233752
2241945
2162080
2241954
2254243
2254245
2241959
132521
2252203
2241964
2254253
2252208
2252210
2241977
2237886
2198988
2213325
2190799
2242005
2250206
2256350
2217440
2254304
2086379
2242031
2256367
2244081
2256370
2242036
2252277
2227705
2244094
2256392
2235916
2235917
2235918
2221583
2244111
2242065
2235922
2244114
2248210
2254352
2244118
2254359
2256409
2235936
2248231
2248233
2256425
2242105
947770
2244153
2248252
2250301
2244159
2244161
2248257
2248258
2242116
2233925
2233926
2233927
2233928
2233929
2242120
2242123
2248260
552525
2242125
2242128
2149972
2256469
2242139
2244190
2244192
2227809
2254432
2244195
2256481
2242149
2244198
2242151
2242152
2248294
2256485
2244203
2242156
2248300
2248302
2254444
2244208
2225778
2236020
2242165
2244212
2244213
2240120
2256501
2176634
2250362
2244225
2242178
2244227
2250370
2238085
2238086
2242182
2238089
2236042
546443
2244243
2240154
2242203
2242202
2256542
2229920
2242208
2229922
2229923
2256547
2238117
2250405
2229928
2254506
2242225
2234037
2242230
2242231
2242233
2238138
620219
2242236
2197182
2250431
2254534
2234055
2242247
2242248
2242249
2254539
2242255
2254544
2250449
2242259
2250452
2252501
2250455
2242268
2242269
2252508
2078431
2158309
2250472
2254569
2242290
2158327
2252541
2252544
2232066
2232070
2250503
2252552
2236171
2250508
2236173
2250510
2199311
1701648
2248464
2256652
2236179
2236180
2236181
2238231
2256664
2236186
2234139
2256672
2252578
2168617
2242346
2250539
2242352
411443
2250553
2236219
2242373
2250565
2242375
2242377
2242381
2242388
2250580
2256725
2242391
2250583
2256726
2256727
2252641
2074466
2250594
2236261
2250597
2254695
2252649
2250602
2250604
2236269
2250606
2254709
2252665
2230142
2254718
2254721
2236293
2252678
2236295
2209674
2230154
2230155
606097
2230161
2242449
2246545
2201493
2246547
2129819
2199456
2250657
2242470
2250662
2250663
2252716
2250670
2254771
2242484
2250676
2254774
2238399
2238400
2191297
2250690
2224067
2242500
2250693
2242502
2250694
2252735
2242512
2236369
2230227
2256855
2254812
2250719
2254817
2250733
2254829
2234352
2254832
2256880
