1050668
1198512
1215522
1229823
1279528
1299560
1299561
1302321
1508224
1594807
1594811
1594882
2012935
2023908
2024934
2054517
2055418
2055895
2074371
2074608
2075024
2075448
2075821
2076059
2076964
2077239
2079496
2079570
2080737
2081305
2081306
2082292
2083895
2084976
2085577
2088737
2090500
2120211
2121559
2121775
2121789
2129070
2143883
2147321
2152978
2153291
2153480
2155633
2158327
2158506
2169322
2170669
2170785
2170851
2171887
2171890
2171893
2171896
2171898
2171899
2172648
2177952
2179481
2182515
2184975
2186087
2186840
2188201
2189159
2190661
2190752
2190911
2191009
2191010
2191093
2191094
2191249
2191255
2191478
2192129
2192142
2192235
2192386
2192390
2192407
2192578
2192777
2193092
2193316
2193325
2193530
2193561
2193706
2193721
2194100
2194396
2194738
2194740
2194886
2195079
2195448
2195568
2195751
2195836
2195989
2196114
2196602
2196735
2196761
2196856
2197203
2197207
2197213
2197215
2197221
2197224
2197226
2197343
2197563
2197579
2197846
2197849
2197855
2197857
2197873
2198027
2198070
2198078
2198204
2198215
2198219
2198835
2198897
2198901
2198909
2198914
2199059
2199186
2199188
2199442
2199451
2199542
2199716
2200107
2200170
2200172
2200189
2200197
2200206
2200225
2200492
2200661
2200836
2201512
2202364
2203026
2203027
2203029
2203031
2203041
2203050
2203213
2203456
2203504
2203695
2203696
2203701
2203717
2203727
2203730
2203731
2203738
2203751
2203752
2203799
2203800
2203804
2204171
2204246
2204302
2204542
2204935
2204936
2205256
2205462
2205482
2205576
2205672
2205674
2205675
2205681
2205688
2205690
2206096
2206168
2206562
2206565
2206566
2206569
2206572
2206575
2206594
2206805
2206843
2207101
2207104
2207105
2207111
2207113
2207153
2207943
2208033
2208704
2208905
2208999
2209038
2209505
2209506
2209507
2209508
2209510
2209512
2209514
2210233
2210494
2210572
2210587
2210595
2210811
2210881
2211046
2211497
2211884
2211943
2212003
2212008
2212438
2212575
2212576
2213160
2213162
2213163
2213167
2213275
2213308
2213314
2213388
2213389
2213813
2213814
2213961
2213964
2214000
2214066
2214212
2216340
2216822
2217609
2218188
2218355
2218401
2218671
2219196
2219676
2220903
2221403
2221707
2222431
2223551
2223784
2225417
2225900
2225940
2225977
2226064
2226792
2226902
2226904
2226995
2227310
2227369
2227430
2227592
2227738
2227865
2227932
2228925
2229321
2229398
2229747
2229909
2229970
2230650
2230654
2230782
2230784
2230996
2231435
2231730
2231782
2231783
2231998
2232023
2232089
2232217
2232486
2232487
2232488
2232489
2232957
2233046
2233140
2233236
2233238
2233247
2233362
2233465
2233506
2233585
2233690
2233693
2233696
2233798
2233801
2233813
2233814
2233816
2233817
2233879
2233951
2233966
2234017
2234045
2234048
2234053
2234057
2234184
2234364
2234586
2234592
2234667
2234680
2234682
2234686
2235924
2235931
2236058
2236190
2236244
2236245
2236270
2236277
2236307
2236308
2236313
2236323
2236380
2236385
2236463
2236498
2236501
2236506
2236576
2236603
2236623
2236656
2236668
2236735
2236754
2236756
2236782
2236836
2236892
2236899
2236927
2236970
2236974
2236986
2237000
2237013
2237018
2237027
2237040
2237076
2237081
2237176
2237191
2237243
2237247
2237640
2237689
2237691
2237701
2237752
2237762
2237813
2237843
2237929
2238057
2238111
2238113
2238125
2238142
2238166
2238177
2238178
2238185
2238198
2238298
2238326
2238386
2238405
2238415
2238435
2238460
2238527
2238558
2238677
2238715
2238716
2238870
2238874
2238885
2238903
2238909
2238912
2238968
2238978
2238980
2238982
2238998
2239010
2239015
2239030
2239036
2239073
2239075
2239077
2239356
2239403
2239419
2239424
2239426
2239451
2239469
2239480
2239491
2239505
2239653
2239673
2241627
2241663
2241666
2241672
2241693
2241771
2241780
2241805
2241811
2241849
2241860
2241872
2241919
2241921
2241924
2241969
2241987
2242024
2242052
2242099
2242117
2242140
2242145
2242146
2242166
2242169
2242175
2242177
2242184
2242191
2242193
2242195
2242198
2242201
2242210
2242211
2242252
2242253
2242267
2242270
2242272
2242321
2242378
2242386
2242393
2242394
2242413
2242467
2242475
2242498
2242510
2242511
2242579
2242641
2242685
2242699
2242704
2242765
2242768
2242776
2242778
2242779
2242785
2242789
2242793
2242797
2242822
2242832
2242835
2242849
2242851
2242856
2242868
2242870
2242877
2243033
2243041
2243044
2243090
2243094
2243113
2244016
2244084
2244096
2244117
2244165
2244166
2244197
2244216
2244901
2244925
2244951
2244953
2245001
2246546
2246548
2246550
2247021
2247051
2247069
2247070
2247081
2247295
2247330
2247346
2247351
2247362
2247369
2247431
2247951
2247952
2247967
2247976
2247981
2248026
2248050
2248222
2248275
2248290
2248294
2248308
2248503
2248519
2249305
2249315
2249374
2249865
2249897
2249899
2249933
2249952
2249981
2249985
2250060
2250287
2250388
2250396
2250423
2250494
2250541
2250552
2250558
2250563
2250582
2250600
2250614
2250659
2250679
2250723
2250731
2250797
2250799
2250832
2250839
2250856
2250862
2250894
2250904
2250921
2250941
2251032
2251404
2251440
2251458
2251478
2251479
2251481
2251504
2251638
2251643
2251654
2251665
2251821
2251840
2251862
2251886
2251895
2251958
2252025
2252030
2252035
2252054
2252073
2252083
2252087
2252094
2252151
2252152
2252157
2252166
2252231
2252258
2252266
2252267
2252269
2252485
2252486
2252491
2252504
2252513
2252517
2252527
2252560
2252564
2252575
2252577
2252579
2252584
2252596
2252620
2252679
2252763
2252772
2252779
2252792
2252798
2252803
2252820
2252830
2252861
2252863
2252869
2252875
2252886
2252893
2252896
2252904
2252911
2252951
2252975
2252979
2253000
2253025
2253050
2253068
2253073
2253075
2253101
2253346
2253468
2253565
2253598
2253653
2253683
2253702
2253782
2253796
2253849
2253866
2253911
2253926
2253934
2253943
2253991
2254023
2254024
2254032
2254043
2254053
2254063
2254179
2254197
2254205
2254240
2254321
2254341
2254342
2254345
2254378
2254488
2254509
2254513
2254589
2254708
2254719
2254734
2254742
2254747
2254765
2254813
2254830
2254843
2254850
2254869
2254871
2254941
2254943
2254947
2254964
2254968
2254971
2254974
2254977
2254990
2255006
2255010
2255053
2255090
2255123
2255128
2255140
2255141
2255149
2255164
2255171
2255180
2255200
2255226
2255228
2255286
2255370
2255383
2255384
2255391
2255411
2255550
2255553
2255555
2255556
2255567
2255570
2255578
2255581
2255587
2255589
2255611
2255615
2255628
2255633
2255637
2255638
2255646
2255648
2255732
2255742
2255746
2255756
2255772
2255779
2255792
2255796
2255808
2255816
2255817
2255818
2255929
2255932
2255970
2255981
2256081
2256092
2256105
2256108
2256109
2256110
2256140
2256144
2256157
2256159
2256185
2256201
2256240
2256309
2256351
2256398
2256411
2256472
2256522
2256525
2256532
2256567
2256570
2256658
2256691
2256739
2256743
2256744
2256860
2256872
2256946
2256947
2257005
2257014
2257023
2257029
2257035
2257272
2257291
2257328
2257357
2257460
2257462
2257467
2257476
2257491
2257492
2257493
2257494
2257502
2257544
2257586
2257587
2257629
2257687
2257752
2257781
2257802
2257804
2257903
2257926
2257927
2257929
2257950
2257961
2258009
420230
438071
475577
488831
493298
506473
515874
535204
536797
542211
542212
544639
549345
556702
568882
581562
584843
591892
595397
595398
606096
606843
617936
620971
623378
623516
945880
946208
946458
