2191366
2123784
2193416
2123786
946188
2197516
2191374
2203664
2187284
18453
2078742
2195479
2203670
20508
2168866
2025511
251946
2166831
2207791
946227
2211897
2193467
356412
1738812
1738818
2127938
2076740
2160712
1570890
2127958
2164824
2160729
2183264
2211941
350310
2095210
1570927
1609840
2058356
254069
542838
2084981
2140279
2127993
596091
2164860
2177149
350335
16512
20608
20610
456835
2179203
307333
2189444
2025607
596105
405642
2211977
32908
585868
456846
2078861
2183310
2148498
2087059
2197650
1212567
98456
594072
352410
100507
944282
2128029
2193560
2193565
2193566
2197657
2123938
16547
2085027
20645
565413
309415
2168999
2212002
96427
2134189
100526
2111663
340144
512176
2056368
2212020
2017462
2203834
2193595
547007
2175172
944325
1579208
415945
1712330
1618124
18641
2144466
2193619
2199763
254166
1188054
2121943
2160856
356571
2119900
483549
2160860
2140383
2191634
1515752
323818
614635
614636
946411
2162923
2074872
2134264
2134265
2148601
119037
1188094
946435
2193670
1724680
289034
348426
424204
2165003
2140432
342290
465170
2093331
495893
1732886
2152723
590104
946456
1280280
104731
2122009
2165019
2191639
1280287
106786
289059
1317158
543017
106800
528691
16692
2183477
2208051
2191678
1741119
2091327
2148673
2074948
2165060
18758
2165062
2210118
2203978
545100
1741132
1306959
1786192
2148689
2208079
368979
454997
2163031
2191704
2191706
2052443
2195805
1306974
29023
2167136
2212193
2167140
2074986
2204011
352622
1198447
2193775
115061
2187637
115063
2181500
2193789
2169214
2193793
438658
350597
354694
1307014
2152840
946578
2079123
1741212
379293
2025885
571808
379297
379298
2138532
2175401
2175402
344492
2056623
106934
2181559
18874
2193856
428481
2130369
2195906
2187718
20935
2175431
477643
553424
483794
2187736
27098
18907
18909
2181598
117217
2173410
2191841
2093540
1513957
946662
485863
2093541
2091502
559600
332273
150002
2085362
115188
350709
2056694
2191856
258560
543234
2191876
471568
2191888
2081303
432665
1243679
121376
1671713
2112036
2052645
121382
2173476
29224
2177573
406058
21037
2175534
266799
274994
2077235
2124338
369205
858678
2118197
107065
510527
326209
2208322
512579
2148931
1049160
135755
43596
2171468
2191947
2212433
2153043
2212436
2116182
500312
2116184
33372
291421
2083420
2140765
2191966
2200158
2212449
2212452
2118247
2093672
361065
2183783
2194031
365170
2200178
2126453
365174
49785
31356
2110079
1671808
2194047
576132
1712774
21129
621194
404107
2185865
352909
2079375
467601
2081426
2204305
2194074
524956
2153117
2187934
285344
338592
338593
2093731
1243813
2077356
2181810
488117
139962
275130
533178
484029
2194110
2206395
2128576
2185920
2077378
1155782
1514184
1301193
2206409
318157
379599
516817
273106
2083545
1712858
2130659
21221
2192101
2138855
21225
527081
1049327
350962
574197
383734
383735
948981
2153207
2167543
2212600
2077437
2192125
27392
123653
391941
2151173
312073
375562
2208521
2185998
2128655
949009
2024210
949011
29462
2149142
2210590
15136
2188069
56104
1671977
2132778
2130732
1215277
2186029
545583
482096
2198321
2130742
416571
858939
2132796
2192192
2155329
357187
2204486
308039
2188104
2204488
119626
342861
21326
1805133
146256
21332
1805141
1049430
2143064
2138969
129882
1198943
2169698
2114409
1672042
2169705
2169707
392045
539501
2169708
346992
15217
2194282
375669
1555317
422776
1555321
2128763
555900
2147197
21375
2147199
2147200
2155394
420739
2167679
2188164
2169737
1672074
2196364
2200461
2198416
2126739
2091924
15257
1029018
2147229
375710
107423
2173859
375716
2208679
2151340
21422
996271
2196400
424884
949173
2186164
414647
1307575
2079673
1598396
2208702
2206657
2208705
467907
467909
138184
2188232
347086
562127
2198480
562129
2180050
273364
21461
15319
1029080
156633
949211
439261
2204637
21471
2087904
414690
275427
2167778
426981
250854
437221
2075621
2087909
2075627
357359
2169839
592884
1598452
2194420
2151417
21498
326652
2024444
2151422
17408
340993
961538
2193014
2126852
29701
2194441
2079756
1549326
1555470
2090000
2200591
506898
17428
402453
422935
463895
543768
15386
2028569
2198551
107552
2173985
422947
2200611
2176039
291880
19498
2077738
2198572
2210861
584754
2057267
2155571
388150
1594423
2024504
2024505
502842
517179
2178106
447550
341058
429122
373828
1782855
2057287
359498
15436
21581
466001
1215570
2137169
373845
2198613
21592
2188377
2198617
17499
1514587
2081884
2124892
2124893
2124894
2210907
2090087
2190450
19571
275572
359540
2157687
2077817
2172027
2075774
386175
15488
1700993
2112641
19587
320644
2129026
353414
2190466
2190472
2057355
2182284
2137230
2151566
2139281
316562
1279125
2018453
2018455
2208921
1526938
2092186
2129052
2157722
955550
1701023
44192
33955
371875
2190501
1526950
15532
275629
2127021
2190512
2192562
2190515
2192565
2190518
2190520
840889
19642
468154
1594554
2131133
1203390
2188478
2057408
2190523
2194617
2159812
2190534
2188488
2018505
1279180
2178252
2081998
2018511
2075856
2116814
840915
1215701
2053336
961753
2190553
2161895
2075880
2141418
17644
345324
17646
382189
601326
2057453
109816
2196731
429310
2196734
345346
2147587
560388
2139404
2174220
494862
310545
441618
15635
2163988
2196753
2190617
2147610
19740
2184479
2196769
2120997
2207013
2159911
2211113
1234218
2180395
2190635
2192685
17711
996656
2157872
347443
453940
2084147
2129206
2161971
408890
585018
1672508
1230142
2149697
2198850
2161993
2141516
2053456
2123093
2129247
1203552
2139491
2123111
2194791
2192745
2082154
529771
2159980
372077
1713518
2192746
2192751
1279345
32115
2055539
523638
1027446
2137462
2143608
615802
2080123
2149755
2127230
605567
2192768
2157953
492932
2147717
2205062
2203015
19851
2196875
2112910
19855
2137486
605594
568731
2143642
495005
17821
1295775
2143644
2162080
2165010
343463
15784
15785
132521
107947
1594795
484782
1295792
310705
251314
2129331
2205105
15798
17846
421307
490939
2082237
2082238
2082239
382400
1594820
2084293
572870
2141639
2078152
2162121
2162123
2198988
1594829
2080207
2190799
2162132
15829
454101
1295832
2110937
2180568
2190812
450013
2024926
2211294
945633
2084323
114149
2129382
343529
2086379
947693
2168302
284154
2190842
2192896
2160129
2192897
2180615
2147849
368138
417290
2199053
269838
2199057
476693
564758
2110997
2151959
491035
1230363
405021
472606
359971
945699
347685
2092581
2084392
159273
529961
2172459
2121260
2190891
2190897
2174518
42553
947770
2147899
390716
2084416
20035
323140
1570373
1570374
1570375
253512
947784
1570376
996939
2170438
552525
2170443
2182733
2192974
2025044
2149972
18007
2180696
2188891
2195048
1715817
2174569
15979
18029
2088560
255603
2127475
2141811
304758
2127478
2127480
2154102
2176634
2184827
2178684
2178685
2174590
368255
2078336
16001
2186878
2195067
18055
42632
476809
546443
308880
1197713
417429
2111128
2191001
2111130
2191002
2193053
337569
2139814
413353
945836
2211504
20145
2123442
2145972
2145973
579254
620219
558780
2197182
42688
411331
1279683
1228485
1228486
2209479
2193098
2172620
2197196
306895
18128
261841
388815
2121430
2121433
2146012
2078431
2115296
351970
945891
2158309
16102
2127591
2168549
2117353
2176746
16111
16113
2078449
2191090
28405
1539830
2158327
2170614
2193147
536317
2203394
265992
2172682
2127627
2211596
2211598
2182927
1701648
591633
2199311
2199313
601876
286485
2195220
411419
2168603
354078
1779486
2086690
2017059
16164
126756
2086691
2139938
2168613
2168617
2160432
2156338
2197298
2078519
458552
2082616
2078522
2115386
2092861
2137919
2166592
421697
2074433
2199361
1673028
2160452
2197320
2164554
579410
946005
112470
18265
2191194
497500
2074465
2074466
591715
2146148
2056039
399231
2082688
16257
2123648
2137988
2137989
2209674
432012
274319
2187152
606097
2140053
2162582
2199709
622488
2201493
124826
522139
2129819
391070
16287
18335
2199456
47018
133035
577452
2193324
380846
2164655
2127792
595889
2111410
2127793
2146226
1050549
272311
552887
569274
2156480
34753
2191296
2191297
2193344
1306565
2076617
546763
366541
1570765
356307
2088920
509914
1738717
2142174
600031
26592
98273
104417
946146
2017250
288741
2209763
344045
581616
1306608
1306612
2058228
2191350
18423
51196
