2208256
483841
2150406
499217
1579537
1548819
2214932
2077721
2080794
2170402
622115
493604
434725
439333
607782
2117670
2055721
2058282
2196991
493612
2125358
2193457
2203697
2137655
2080313
2187322
2203706
2125884
2195007
2089536
121409
617025
622659
2191424
2195008
2090566
618055
2095175
2148936
2195009
346187
2192972
2197579
2204230
566352
1700432
2169936
538196
2177109
499799
2166871
2186840
620122
2116186
2158174
2055775
2177119
2224225
2149986
2093670
2120294
2120295
2084970
2170986
1598572
2196586
2121838
2214000
1280113
1280114
2161780
493685
2199158
606843
2190462
1671808
516227
2078854
2089094
2190984
2221373
2143883
2143886
548498
2150035
2017941
1598614
2177173
1548953
2016921
2084507
2219676
2209952
2116771
2194596
2172581
2224295
1203368
604329
2171049
1514155
2178221
586417
2134193
357043
2214066
2075832
2188472
2220218
2080955
2085051
2085052
2157757
2121919
2163904
2192571
2192578
597703
490186
2177739
2157772
425166
516816
2195665
2221264
2221265
2197206
2074843
2205404
2212577
1700578
2207459
2175204
2092778
1672427
2211683
1307375
2190579
340212
612088
2205433
467196
2056700
2165501
2209022
1307392
2214141
446723
620806
2074378
2168586
2207498
2200333
2193168
2147601
623378
2147603
2169621
2215702
2187033
494874
2222362
484645
1230117
2168614
2143528
2182955
117549
2195757
2123055
2194735
2206510
363826
2114355
2138931
2218292
1006391
2123063
2193719
2077498
2196795
2217784
2078013
2081598
606527
2081600
45377
543042
2140480
2137924
2169150
524102
20807
2079046
2157896
2199364
2157899
2168140
2213191
2213200
2081105
2169171
499029
2179925
2197848
501081
2074969
2077529
617308
2093914
2168153
816479
945503
1197920
2077537
2173274
2191709
2195804
2205538
2189159
2192744
1198953
1672553
2074987
2207082
2171245
2213229
553841
502131
2218355
598901
2147190
2198903
2195836
1570685
2223415
2173313
2125189
2084742
2190729
576911
606608
946065
2077071
2192784
2118548
2218900
2220433
563095
108441
2075033
2076059
2075036
2167707
546210
482211
2220965
2076072
545705
2188201
465326
2122671
2076082
996280
2076089
947642
2127801
2208696
2193342
2223554
964549
2195909
399304
544202
2203596
2076621
2076110
2083790
2128847
2163667
601044
2130392
2193882
2139105
2127843
2173926
1598439
2173928
484330
1806316
498672
2165233
538610
2056690
2074611
2213874
589307
1229820
495614
1307135
