516096
2170886
2203660
40974
2080789
344088
2121761
1302562
1302565
1302567
2211884
2121775
32816
2203695
2203696
2203701
2121783
2089019
1212477
2089021
2121789
2203714
2211908
622661
2203717
2203727
589905
491602
344147
2203730
2203731
2203738
2203739
2203740
311396
2203751
2203752
2211943
2162794
426094
1384559
2053212
2195568
2162802
2053213
2211957
2195574
114808
2053214
491643
491644
491646
2162817
32904
2203799
2203800
1212570
2203804
2212003
1188008
2212008
2121902
1188019
1212601
1712324
1712325
2212037
1712329
491724
1188045
2056398
2056399
2195669
2195676
1188061
499934
2187492
2130153
2130154
2130155
2130156
2195689
2081017
16636
2121980
2203906
2195715
2203909
2203914
2212107
2089248
2195751
2203946
2212139
2212140
2212141
1212722
2195763
491828
2195765
41277
319813
2056520
524620
1868109
532814
541008
606544
1302880
2212197
614759
2187629
352622
1302894
2187635
2212213
2195832
2195833
2195836
2089350
2163080
590226
2195860
2089373
2056606
2204064
786849
2204068
2204072
2089389
598451
2163123
2130357
475577
1049025
2163140
2163141
549322
2187726
16847
2187727
2163154
2212306
2212307
2187733
2187737
2187738
2023908
2171364
2195945
2056684
295409
295410
467448
737784
2204158
532993
606722
606723
2056708
492039
1049098
2204171
1548814
533009
254484
2195989
2081304
2081305
2081306
1548825
2195992
1049118
1548831
2204191
2204197
2187820
2138673
2196017
533049
2114105
2163259
2204219
2114110
467520
524865
2089539
1548869
2204233
2204246
2171479
2212438
598619
2187872
2212449
533098
2187888
2204276
615029
2204277
606843
2187907
2212484
361093
2089605
2212485
2187912
2204302
2204305
2196114
500375
500376
2081432
2196125
500387
2089637
582314
615082
361132
2056880
2196153
2196155
1548990
1548992
1049284
2155205
2204356
492235
1671884
533197
2155227
352989
2155231
2212575
2212576
2212579
2024166
2212591
2114294
2196224
377603
2114311
1278728
2081544
2114314
2081547
2081549
148239
2204433
623378
2155283
2081560
2155290
2163484
1549086
2081570
2130722
2204454
1549106
2204468
2204470
2130743
2204477
2204483
1278790
1712967
1278792
2204489
1278794
2057042
2057043
2081618
2155346
2155347
2155348
2155349
492379
484195
2155370
2196335
2196336
1229685
2057079
2081655
2155383
2171771
2147196
2204542
2024319
1508224
2188161
1278854
549767
1278860
623510
623511
1278874
1278875
517020
623516
17314
1614754
2196388
2204578
2188201
2196393
2196399
1598385
1672122
2163643
2188222
1713089
517059
361414
615367
1229766
517065
1278924
590814
1672161
2155493
2196456
558063
2171887
2171890
2171893
17398
2171896
2147321
2171898
2171899
508924
1229823
2180100
2171926
2139159
533533
508958
2155549
2196512
500774
1229863
336936
1598503
353324
304175
484399
484406
1279032
2085969
2081852
2085970
2057288
500816
2163794
2057302
476249
476250
2081886
1279073
148585
287849
2155632
1279089
2155633
1598580
287864
2196602
1672317
435338
2196620
2131097
2081964
525492
509126
509128
124107
2163923
1598679
1279192
2122970
140513
1230050
1230052
443643
484604
2090238
2123007
2196735
2204935
2204936
2082060
2147597
2196750
427279
148752
443673
2196761
2188577
1672482
615715
1279268
1713444
107816
558376
2196777
2057515
2057516
2180402
2196788
2204982
1672505
1230139
2123069
34122
2057547
2164055
2090332
2123106
443750
1672555
2057579
1279341
2082156
2196848
2196854
2196855
2196856
2196859
509312
1672577
566660
2196870
1295755
288140
2090381
509334
17815
492957
2139553
1230242
2205091
517543
2090410
484782
1230255
2221517
2123226
2090461
116197
2024934
2205161
2082289
2196979
2082292
1672693
493046
2082295
2196985
542211
542212
2090500
493062
493070
2188819
2090518
2147874
1230375
1279528
1672752
2197044
599605
2197045
2197058
796227
2205256
2025038
2205266
2025051
566882
2016875
566896
2147958
2147961
1295994
2147962
2147967
18052
1279622
1279623
534154
575116
2090654
2082467
2205348
2205349
2197170
2180791
100026
2082494
526021
1197770
452304
2189011
2197203
2205397
2197207
501465
2197213
2197215
493285
2197221
2172648
2197224
2197226
2197229
493295
493298
272127
2074371
2205444
501515
2189070
18192
2139920
558867
452372
2074389
2205462
2205466
2139933
2205482
2074414
2115379
534328
2082618
2110546
427838
2082622
2180925
2180926
493383
2115400
2017097
354129
2017117
1738591
2197343
2205537
2189159
509806
2017136
501624
51066
2123642
2148219
2205574
2205576
2181011
616340
616341
2181013
2181014
1279897
2181019
2148252
452511
2017184
2148257
2197409
1050533
272295
18345
2140073
133035
2156457
2197420
1673137
2181041
1198005
1673145
133055
2115523
1198020
2115525
2156487
2148296
2156488
354252
2156493
378834
2115540
2148311
493537
2090979
2090983
2090984
2205672
2205674
2205675
1198060
2156527
2074608
2205681
2205682
1738740
2058228
2074613
2205688
2205690
2148358
2123785
2164747
591892
2115615
1738784
2074657
796706
2115618
477220
2115619
2115620
2115623
2115624
2197540
1050668
534573
2058289
1738802
2181177
2197563
2197564
2197565
2197566
2197568
2197569
2181189
2197576
2148425
2197579
510028
346189
518221
526414
43092
1280088
616537
616539
2115676
2140257
1247337
1247338
944241
2025586
944245
2123896
1280121
2197624
796797
1050752
116865
944273
2197654
1738908
2115740
2123941
1050800
493746
944309
944310
2140349
2197696
2197697
1280194
2189506
2205888
1280197
2181320
567498
575691
944335
944337
559325
485598
420063
2058465
18662
2173159
2181361
18677
2140405
2124026
387327
2058496
510209
2148610
387331
346373
1050889
2165002
387339
2074895
2197781
2173210
2173214
1280288
2091296
346402
346403
2091297
2115876
2115877
2197793
18729
2181422
2200197
2165048
2148665
2165050
2165051
2173243
2197821
2165055
2058560
2197829
2074952
444751
2140495
2197846
2200205
477529
2197849
2200206
2197855
272736
2074976
2197857
2083176
2197873
461171
2124155
2124157
2124158
1378687
2124159
2124160
2124162
125315
420230
2075024
2075025
575890
2075027
2206096
2181527
2075032
2025889
2025890
27043
436644
2025891
2025892
2025893
2025895
2025896
2025897
2025898
2025899
2025900
2025902
2025903
1198512
2025905
2025906
338355
2025908
2124205
2025911
2025914
2025916
2025917
2091454
2075070
2124227
2181575
2208370
1198546
2091474
51671
2206168
18905
2075098
2075103
27109
2198003
2181620
518655
2025983
1214986
2198027
1214991
608813
2091566
2083376
404022
2198070
2083386
2198078
2026047
2198086
2124359
2026056
1215050
2135126
2208396
2181717
2140758
2083420
420445
944737
1215076
526950
1215078
2181736
485994
264825
2181753
2198137
2124423
2198151
19082
608915
551572
551575
1198744
1198745
2083481
2189979
2206364
19101
2149022
2189985
2140834
535204
617130
2198190
2181819
2116284
2198204
2198215
510667
2198219
1215189
19167
2026220
2190060
2190061
2190063
2206445
2149107
330491
576254
445184
1190656
19204
2149124
2206471
2083599
2190098
1198872
1215263
1215272
1215274
2173743
502578
2075448
535358
1805128
2206541
2116438
412505
2018137
2083676
2124639
371554
2206562
117604
502628
502629
2206565
2206566
2206569
2206571
527212
2206572
2173806
2206575
437105
437118
1198975
2149248
2149249
2206594
2149251
2124678
2132872
2116503
2182044
2182045
2182046
2206623
2124708
2124710
560047
2173878
2132935
494542
2124753
2132946
2124755
2198482
2149335
2149336
2198488
2132956
961516
1199090
2083826
2124787
2190325
2206720
1215491
2075651
273413
2206725
2206726
2124811
551956
543766
961561
2083870
2173983
1215522
19499
2092077
2083895
1567802
2018366
1297478
1199181
1199182
1526861
2206805
2190423
2198615
2206809
2133086
2157663
2133089
1215591
519272
322666
486509
19567
2206843
2075776
2190464
2165897
584843
2149516
2124944
2206864
2133138
2133139
2133144
2116766
2141342
2141350
388263
2206887
2198697
2198698
2157739
2075821
1526966
1526967
1215675
2075835
2198723
2084037
2124998
1215689
511180
576716
617678
117968
404688
1805521
2092244
2165984
2165986
2165989
2182375
2182376
2182377
1215722
2182378
2125036
2174188
2182379
527599
2182380
2182381
511218
2182388
109816
1150208
2174216
560395
2174221
494863
2190611
2190619
2092320
2190633
2190636
2198835
494901
535866
2190650
2190652
2198845
945474
2190661
27982
945492
1805653
388451
945507
339301
945508
945512
2182507
2207084
372077
2198897
2190706
2182515
1215860
527733
2198901
2207095
363896
1699193
1699192
2207099
2198909
2207101
2182527
2190720
2207102
2198914
2198915
2207104
2190725
945542
2207105
2149768
2207111
2207113
2207115
1699212
1805708
2141580
322968
265627
265628
609691
1699227
2076059
2117020
2076065
2174364
2182556
2190752
2190755
1215913
2166187
2190766
2076080
2207153
2190770
2190771
2190772
2076086
2190776
101818
2084284
445894
511430
1715655
2117062
462282
2117064
617936
347602
2190805
2076118
945626
2084315
2190811
1215970
2190827
2190828
544237
2141677
159220
2182648
2190841
1215994
2174458
2174460
2084354
945667
2125315
2182658
2125319
1805837
2199059
2182682
2182683
2182684
405021
2182685
2182686
2199066
2182690
2182692
2182693
2182694
2182695
2182697
2182698
2190895
568882
2190898
2182710
2182711
2182712
2182713
585277
2190910
2190911
454210
2190914
601671
511562
2182734
2182735
2182736
2182737
20050
2182738
2182740
2182741
2182742
388695
2182743
2182744
2174554
2182745
2182746
2182747
2182749
2182750
1715808
2182751
2182755
2182756
560741
2182757
2182758
2182759
2199143
2182763
2182764
159341
2141806
2182765
2182768
2182770
2182771
347764
2182773
2182774
2141815
2150007
2182775
2182776
2182777
2182778
2182779
2182780
2182781
2182782
2182783
601730
511619
2182784
2182785
2182786
2182787
2182788
2182789
2166410
2182790
2158220
2182791
2182792
2182793
2182794
2182795
2182796
2182797
2182798
2182799
2174614
2182800
2182801
2182802
2182803
2182804
2182805
2182806
2182807
2182808
2182809
2182810
2182811
2174627
2182812
2182813
2182814
2182815
2182816
2182817
2182818
2182819
2182820
2182821
528046
2182822
2182823
2182824
2182825
2182826
2182827
2182828
2207405
2166460
2092735
2182850
347844
2191046
388809
462540
1199820
945870
945871
2191053
2191056
2191058
2191059
1715932
454366
2084576
2200488
2117356
2199284
2191093
2191094
2158327
2191095
2191101
2191102
2084614
2158345
372492
511769
28442
2125595
2191132
2191134
945952
2158370
2125604
2182956
2191148
2191151
438071
2191160
1199934
2158399
2199359
585546
2191179
2191190
347995
1027937
946021
536435
2176093
20341
503670
2191221
544639
1806222
2199438
2191249
2199442
2191255
536472
2125723
2199451
2166689
2191271
2158505
2158506
2191278
2191279
577465
2199486
2191301
1585102
2076623
2158543
2158544
471005
258021
2191349
2199542
2076664
2191352
2158586
946171
110587
946172
2199549
495615
2166785
2199556
126982
561159
2199558
1306641
2084882
339989
28694
2207767
1306648
1306650
946203
946208
2175015
20523
1306668
2093100
2150446
2076729
2166844
2084948
2150485
2199636
512089
340061
2084959
1724517
618608
2084976
2191472
2207857
553076
2207858
2191478
2199675
2175100
2199677
520336
471186
340121
2191514
618651
2175132
2175136
2199716
503975
2199722
397485
520366
831661
2085037
2175157
2191544
2199740
577726
2150590
1618115
520391
2207943
536797
2150621
946424
45312
2183424
946437
2208007
1724681
2191630
2085145
946458
2208033
2076964
2191652
2052391
2208040
2191661
2142532
332107
487755
2208081
2191698
2191701
2208086
487774
405855
2085214
2093410
2183522
151908
2167140
2191715
2191716
487785
2085227
2183535
2208118
586109
2167167
946563
1741189
2003333
946569
2191755
1618316
2191765
2191766
1618330
2183591
2191785
332208
2183600
618931
537012
537013
2183613
512446
602560
946629
1618375
307658
2208204
1618389
1036764
1036765
29150
1036766
1036767
1036768
1036769
1307103
2191844
569832
2077167
2077168
381426
340480
2052612
1307141
2118152
2118157
2093591
2052631
2052632
2052634
2052635
2052636
2191897
340510
2052639
2052640
2208286
2052642
2191907
2052644
946725
2052647
2052650
2052651
2052652
2200107
2191918
2175536
2142769
2052658
2191922
2077239
2118200
2052666
946747
946748
2052667
2052670
496191
2052671
2191931
2052675
2093638
2191945
2191946
2191948
2200661
2052693
2208342
2052695
447064
2052696
2052698
2052699
2208344
2208346
2085470
496224
2052704
2052705
471651
2052707
2052708
2052710
2052711
2052712
2052713
2052714
2200170
2200172
2052717
2052718
2052719
2052720
2052721
2052722
1700467
2126450
2052725
2052726
2052727
2052728
2052729
2118266
2200187
2208380
2200189
1700479
340608
2052738
2093698
2052740
602757
2052741
2052742
2052743
2052744
2077322
2077323
2052745
2052746
2052747
2052748
2052749
2052750
2052752
2052753
2052755
2052756
2052758
2052759
430744
2052760
2052757
2052761
2052762
2052765
2052766
2052763
2052767
2192029
520866
1307299
2200225
529064
332457
570027
2183857
2183859
2200262
2085576
2085577
2085580
2118354
2077397
570071
2200282
2200284
2110179
2118371
2118372
2118380
2183919
586486
676609
2192129
619268
1700615
2192142
602906
2190933
1594143
520996
1594154
2183979
2183986
1700664
2200377
422721
1594192
2200401
2126684
611165
676703
136038
2110310
2192230
2192231
2110315
2192235
2208624
1635190
1307512
578426
611202
2052994
2151302
471943
439176
2093966
2208654
2192280
431003
2184092
2192287
1307552
2167716
2143141
2143142
2143143
2143144
2077609
2143145
2143146
2143147
2143148
2143149
2143150
2143151
2184104
2184114
2200492
480182
463806
54208
2077633
1414080
1594306
1414084
1594309
2208704
1594311
1594312
1029069
1029072
1029075
2077662
2151399
2200551
480234
2200555
545773
996341
996344
2167801
996347
2028544
2077697
2192386
2192390
2053129
341003
341009
2192407
2184217
2077722
2077723
2053146
1700893
2053147
2053148
2053149
447521
2053153
2053150
996388
2053157
2053156
2053159
2077736
2053163
2053164
2053165
2053166
2053167
2053168
2053169
2053170
2053171
2053172
2053173
2053174
2053175
2053176
2192437
2053178
2053179
2053180
2053181
2053182
2053183
2053184
2126908
2053186
2053187
2053188
2053189
2053190
2053191
2053192
2053193
2053196
2053197
2053198
1700943
2053200
2053201
1700945
2053203
2053204
1700946
1594453
2053199
2053206
2053209
2053210
955483
1299546
2053207
2053208
2053215
2053216
2053217
2053218
2053219
2053220
2053221
2053222
2053223
2053224
2053225
2053226
2053227
1299560
1299561
2053228
2053231
2053232
250992
1594482
2053229
2053230
2053233
2110576
2118767
2167924
2200689
2208885
2192511
2184326
2208905
2208906
119947
2208909
2192528
955538
2208917
2191009
2151584
2191010
996517
570538
996524
349361
1299633
2200755
2200758
2176185
2192569
2191016
2192578
955602
955605
554202
2199163
554214
2208999
2110696
1299703
2200836
578822
2077959
2151691
2168076
2086158
2209038
2200851
1234201
136474
1594652
2086175
2192673
1234212
1594662
2159918
2209072
496949
2192693
2159927
2159928
1635641
2200887
2200888
595262
996672
2168131
2200902
595271
1594695
2200908
2209101
2168142
2168143
2199186
2168145
2168146
472404
2151766
357719
2199188
496993
1635681
2110820
2159973
2159977
505194
2078061
996724
2199194
2192763
505212
488831
2192777
2160012
1594769
488851
488853
513438
570784
996773
2160042
1693100
2143664
2143668
2143669
1594807
1594811
431552
316867
595397
595398
2127318
996823
2168280
2176470
2053596
996834
996835
996855
1594871
1594874
947708
1594877
54783
1594880
2160127
1594882
1635843
2094599
1635850
497168
267816
620091
2078274
2086469
2078279
54862
2192986
2094685
2192990
579173
1570410
579187
947831
2193015
1685113
2209403
2152063
54916
947847
456328
2094728
2209417
2143883
423570
947860
2111129
1504922
2207393
1554084
2184872
2168495
2168498
2152118
1554103
1554104
2152119
2152120
2152126
2127552
2193092
2184901
2193103
308946
2184915
2127578
2168538
521950
1554143
2209505
2209506
2209507
2209508
2209510
2209512
2193129
2209514
358126
2127614
2012935
399116
2184975
2152218
1783580
1783581
1611552
497444
2193198
2193199
2193200
2193204
2209589
2168634
2168635
2168636
2168640
268098
390978
1734467
472902
2094931
1570646
2127702
1570653
620385
2193271
497530
2193276
382847
1570689
2152324
2168708
2168710
546695
2193292
2193294
2094993
2144148
964502
530327
2193304
2111385
2111386
153501
2201504
2193316
2201512
30633
464809
1570733
1734573
808879
2193325
964530
2193339
522182
2111442
104404
2168788
2078688
2209760
2168807
2119657
2193389
2177011
2168825
964606
2168835
1570820
14344
2193425
2078739
481302
595990
595991
2078744
317466
464925
514078
530469
120877
2193468
14399
2193483
2185294
2119767
2119769
2127970
2087013
2078832
2193520
2193530
2111619
383112
1734799
2201745
2201746
2160788
2054295
2177175
2177176
571546
2177177
2193561
2193563
2201751
2201754
2201758
2144417
2193572
14501
2087086
596155
2128078
2169041
14547
489683
14551
2152668
2169053
2169054
2169055
2169056
2169057
2169058
2169059
489706
2128107
1579252
563455
2128134
497927
1734929
604440
2079002
2152730
2119978
2193706
14637
497966
538930
2193721
2210105
620859
2152765
112962
2193744
2210128
1579349
2136413
2210142
1579364
2120037
2193764
2193777
2079090
2169204
2054517
2054519
604537
2169209
14718
2169219
2136452
465286
498056
2193802
2169227
2193803
1579405
2087313
2087317
2193813
407963
2193828
2111911
2111912
620971
1579437
2128302
2128303
2087344
2054582
547257
2210233
2054590
1579473
14802
2210265
1513953
14818
2152934
2169322
2193899
2193902
489975
1579517
2112002
2169347
2169348
2169349
588296
2152969
530959
2152978
2120211
2193939
1301024
1243686
1243690
2193968
1243699
2136629
2128440
2128442
2079292
2128447
2193987
2169413
2144839
1301067
260688
612945
457298
96857
2136667
858716
2194012
2112095
2054754
555620
473703
506473
2194026
334450
14980
955489
416395
1194648
2194076
539307
2194100
858807
490172
2210494
604863
2079425
2210497
2210498
105157
342725
2120416
309988
1202922
2210538
2145007
490231
498423
2202364
2177791
2169604
465669
2153221
2079496
1301258
2210572
2128658
2210578
621334
1202966
2153239
64283
2210587
834335
604961
2210595
514855
2186032
2087731
2210611
555832
432953
2112315
2079550
2112326
293703
342857
375625
2153291
342863
2177873
2079570
2054995
1686356
1301339
949087
949088
949090
2186086
2055016
2153322
47979
2194284
2079597
2120561
15220
2112374
2087802
1203067
1203068
2087804
2194298
2194307
506768
613266
621459
2128788
2128789
1203096
2112410
506781
408479
2128799
949153
105378
2177952
949156
465835
514990
2128822
2128823
2128825
949185
1555394
2194369
416708
400327
547787
400332
2194395
2194396
2087905
277474
2087915
613364
613365
621560
2210811
2210813
2145281
2194437
506886
351239
1203209
384014
949273
2194459
523292
2194462
2169889
2112547
556075
1301557
2169910
2079804
1203264
2194496
465986
2210881
1514565
1629254
2120788
2210903
2079832
15450
2186334
15458
2210916
466028
2129006
2112625
605305
605307
2186371
2055300
2178190
2129039
2153617
2112662
1203360
2194594
433317
531627
2071725
2129070
2129071
310448
2071728
1105078
441533
1580222
1203395
2120909
2211028
1580252
1580255
2178276
589029
2211046
2112744
1228018
621818
1301755
605446
523527
548109
2129182
2129183
2120995
2194738
2137396
2194740
2194742
2178369
15682
2088273
2162004
1301855
2194786
613749
613751
613752
1121660
2088318
2194818
359813
777616
2203026
2203027
2203028
2203029
2194839
2203031
2194841
130461
2194849
2203041
2055591
2080169
2203050
15791
2153910
1203648
2194880
2194882
2194883
2194886
2088398
2203087
2055635
2194899
2203094
2194903
605658
2055648
2080227
2153965
2203120
2162168
2162169
2194940
2211324
499200
417289
2186762
2129424
491029
2170392
2137632
2137635
2055719
2170408
2194984
351786
2088490
2203176
2194993
2194994
2055733
32315
2195006
2186816
2203213
499278
147025
450131
523860
2186840
2154076
2195044
2195046
2137710
2080377
491133
515710
1531518
2080384
2211462
2195079
2170513
1531540
2121364
2170524
556702
2170533
2211497
2203309
261826
2145987
622278
2055879
581324
1384147
532181
2055895
327390
2203361
2211568
1228535
1228539
1539849
270095
548628
352022
532249
16154
2195232
2088737
515874
2170657
2203424
2195240
2211624
2121515
1302317
2170669
2170670
1302321
1302323
2080565
458552
2088763
2129723
2129724
2195261
2129728
2203456
2080580
2170695
2080588
606031
2121553
2178899
352085
2121559
491352
515930
2170715
2187098
2170717
597856
1302369
1302371
2211687
589672
597864
597865
2088813
2203504
2203506
2146163
2195315
458615
2211703
2088833
2146178
491401
2056078
606096
2195354
49053
2121631
2170785
2211748
417708
2211760
2170802
262069
2178999
368573
2203584
2179011
2203588
2170828
2203598
2195414
2056161
2080737
2170851
2203618
2211809
2203627
311279
540656
491505
2195440
2203632
2203635
2088949
2195448
1228793
2211837
2187262
